data/raw/27-01-17/stations_27-01-2017.cnv
* Sea-Bird SBE37 Data File:
* FileName = C:\Documents and Settings\Usuário(a)\Desktop\CTD_LAGOA\stations_27-01-2017.asc
* Software Version 1.59
* Temperature SN = 2603
* Conductivity SN = 2603
* System UpLoad Time = Jan 27 2017 18:39:39
* ds
* SBE37-SM V 2.2  SERIAL NO. 2603    27 Jan 2017  18:12:28
# nquan = 5
# nvalues =     4741
# units = metric
# name 0 = t090: temperature, ITS-90 [deg C]
# name 1 = c0S/m: conductivity [S/m]
# name 2 = pr: pressure [db]
# name 3 = timeJ: time [julian days]
# name 4 = flag:  0.000e+00
# span 0 = 21.8595, 31.8219           
# span 1 = 0.00004, 5.38154           
# span 2 = -0.179, 7.837              
# span 3 = 25.591771, 27.758403       
# span 4 = 0.000e+00, 0.000e+00       
# interval = seconds: 5
# start_time = Jan 27 2017 13:29:35
# bad_flag = -9.990e-29
*END*
[from data line 3429]
    25.9556    0.00008     -0.042  27.650069  0.000e+00
    25.9478    0.00008     -0.042  27.650127  0.000e+00
    25.9454    0.00008     -0.042  27.650185  0.000e+00
    25.9320    0.00008     -0.042  27.650243  0.000e+00
    25.8648    0.00008     -0.042  27.650301  0.000e+00
    25.8308    0.00008     -0.042  27.650359  0.000e+00
    25.8294    0.00008     -0.044  27.650417  0.000e+00
    25.7754    0.00008     -0.042  27.650475  0.000e+00
    25.7533    0.00008     -0.042  27.650532  0.000e+00
    25.7513    0.00008     -0.042  27.650590  0.000e+00
    25.7763    0.00008     -0.042  27.650648  0.000e+00
    25.7334    0.00008     -0.044  27.650706  0.000e+00
    25.6662    0.00008     -0.044  27.650764  0.000e+00
    25.6473    0.00008     -0.044  27.650822  0.000e+00
    25.7223    0.00008     -0.044  27.650880  0.000e+00
    25.7636    0.00008     -0.044  27.650937  0.000e+00
    25.7217    0.00008     -0.045  27.650995  0.000e+00
    25.7055    0.00008     -0.045  27.651053  0.000e+00
    25.6783    0.00008     -0.044  27.651111  0.000e+00
    25.6911    0.00008     -0.045  27.651169  0.000e+00
    25.6435    0.00008     -0.044  27.651227  0.000e+00
    25.6259    0.00008     -0.044  27.651285  0.000e+00
    25.6628    0.00008     -0.044  27.651343  0.000e+00
    25.7352    0.00008     -0.045  27.651400  0.000e+00
    25.7642    0.00008     -0.044  27.651458  0.000e+00
    25.7769    0.00008     -0.045  27.651516  0.000e+00
    25.7296    0.00008     -0.045  27.651574  0.000e+00
    25.7074    0.00008     -0.044  27.651632  0.000e+00
    25.6340    0.00008     -0.044  27.651690  0.000e+00
    25.6403    0.00008     -0.044  27.651748  0.000e+00
    25.6625    0.00008     -0.044  27.651806  0.000e+00
    25.6662    0.00008     -0.044  27.651863  0.000e+00
    25.6752    0.00008     -0.044  27.651921  0.000e+00
    25.7325    0.00008     -0.044  27.651979  0.000e+00
    25.7071    0.00008     -0.044  27.652037  0.000e+00
    25.6490    0.00008     -0.044  27.652095  0.000e+00
    25.6661    0.00009     -0.044  27.652153  0.000e+00
    25.6792    0.00008     -0.044  27.652211  0.000e+00
    25.6401    0.00008     -0.042  27.652269  0.000e+00
    25.6046    0.00008     -0.045  27.652326  0.000e+00
    25.4111    0.00008     -0.044  27.652384  0.000e+00
    25.3553    0.00008     -0.044  27.652442  0.000e+00
    25.3087    0.00008     -0.044  27.652500  0.000e+00
    25.2751    0.00008     -0.045  27.652558  0.000e+00
    25.2819    0.00009     -0.044  27.652616  0.000e+00
    25.3689    0.00009     -0.044  27.652674  0.000e+00
    25.4258    0.00008     -0.044  27.652731  0.000e+00
    25.4630    0.00008     -0.045  27.652789  0.000e+00
    25.4635    0.00008     -0.044  27.652847  0.000e+00
    25.4895    0.00008     -0.044  27.652905  0.000e+00
    25.4762    0.00008     -0.044  27.652963  0.000e+00
    25.5151    0.00008     -0.044  27.653021  0.000e+00
    25.5220    0.00008     -0.045  27.653079  0.000e+00
    25.4306    0.00008     -0.044  27.653137  0.000e+00
    25.3652    0.00008     -0.044  27.653194  0.000e+00
    25.4017    0.00008     -0.044  27.653252  0.000e+00
    25.3827    0.00008     -0.044  27.653310  0.000e+00
    25.3691    0.00007     -0.044  27.653368  0.000e+00
    25.4234    0.00008     -0.044  27.653426  0.000e+00
    25.4299    0.00008     -0.044  27.653484  0.000e+00
    25.4607    0.00008     -0.044  27.653542  0.000e+00
    25.4000    0.00008     -0.044  27.653600  0.000e+00
    25.4469    0.00008     -0.042  27.653657  0.000e+00
    25.5216    0.00008     -0.044  27.653715  0.000e+00
    25.5114    0.00007     -0.044  27.653773  0.000e+00
    25.4424    0.00008     -0.044  27.653831  0.000e+00
    25.3459    0.00008     -0.042  27.653889  0.000e+00
    25.2972    0.00008     -0.044  27.653947  0.000e+00
    25.2849    0.00008     -0.044  27.654005  0.000e+00
    25.2688    0.00008     -0.044  27.654062  0.000e+00
    25.2845    0.00008     -0.042  27.654120  0.000e+00
    25.2141    0.00008     -0.044  27.654178  0.000e+00
    25.2628    0.00008     -0.042  27.654236  0.000e+00
    25.2766    0.00008     -0.044  27.654294  0.000e+00
    25.3247    0.00008     -0.044  27.654352  0.000e+00
    25.4411    0.00009     -0.042  27.654410  0.000e+00
    25.5473    0.00009     -0.044  27.654468  0.000e+00
    25.6032    0.00009     -0.044  27.654525  0.000e+00
    25.6531    0.00009     -0.044  27.654583  0.000e+00
    25.7186    0.00009     -0.042  27.654641  0.000e+00
    25.7932    0.00009     -0.044  27.654699  0.000e+00
    25.8311    0.00009     -0.044  27.654757  0.000e+00
    25.8589    0.00009     -0.044  27.654815  0.000e+00
    25.9184    0.00009     -0.044  27.654873  0.000e+00
    25.9204    0.00009     -0.042  27.654931  0.000e+00
    25.9714    0.00008     -0.044  27.654988  0.000e+00
    25.9893    0.00009     -0.042  27.655046  0.000e+00
    26.0344    0.00009     -0.044  27.655104  0.000e+00
    26.0835    0.00009     -0.044  27.655162  0.000e+00
    26.1530    0.00009     -0.042  27.655220  0.000e+00
    26.2275    0.00008     -0.044  27.655278  0.000e+00
    26.2571    0.00009     -0.044  27.655336  0.000e+00
    26.3281    0.00009     -0.044  27.655394  0.000e+00
    26.4320    0.00008     -0.044  27.655451  0.000e+00
    26.4023    0.00009     -0.044  27.655509  0.000e+00
    26.3448    0.00009     -0.044  27.655567  0.000e+00
    26.3711    0.00009     -0.042  27.655625  0.000e+00
    26.3750    0.00009     -0.042  27.655683  0.000e+00
    26.4120    0.00009     -0.044  27.655741  0.000e+00
    26.4497    0.00009     -0.042  27.655799  0.000e+00
    26.4823    0.00009     -0.042  27.655856  0.000e+00
    26.5010    0.00009     -0.044  27.655914  0.000e+00
    26.5431    0.00009     -0.042  27.655972  0.000e+00
    26.6182    0.00009     -0.042  27.656030  0.000e+00
    26.6218    0.00009     -0.042  27.656088  0.000e+00
    26.6602    0.00009     -0.042  27.656146  0.000e+00
    26.7364    0.00009     -0.042  27.656204  0.000e+00
    26.8230    0.00009     -0.042  27.656262  0.000e+00
    26.9053    0.00009     -0.042  27.656319  0.000e+00
    26.9482    0.00009     -0.042  27.656377  0.000e+00
    26.9244    0.00009     -0.042  27.656435  0.000e+00
    26.9162    0.00009     -0.042  27.656493  0.000e+00
    26.9519    0.00009     -0.042  27.656551  0.000e+00
    26.9102    0.00009     -0.042  27.656609  0.000e+00
    26.8715    0.00009     -0.040  27.656667  0.000e+00
    26.8020    0.00009     -0.044  27.656725  0.000e+00
    26.8114    0.00009     -0.042  27.656782  0.000e+00
    26.7954    0.00009     -0.044  27.656840  0.000e+00
    26.8052    0.00009     -0.044  27.656898  0.000e+00
    26.8057    0.00009     -0.044  27.656956  0.000e+00
    26.7595    0.00009     -0.044  27.657014  0.000e+00
    26.6853    0.00009     -0.042  27.657072  0.000e+00
    26.5703    0.00009     -0.044  27.657130  0.000e+00
    26.5072    0.00008     -0.042  27.657187  0.000e+00
    26.5608    0.00009     -0.042  27.657245  0.000e+00
    26.5853    0.00009     -0.044  27.657303  0.000e+00
    26.5871    0.00009     -0.044  27.657361  0.000e+00
    26.5543    0.00009     -0.042  27.657419  0.000e+00
    26.5412    0.00009     -0.042  27.657477  0.000e+00
    26.5045    0.00009     -0.044  27.657535  0.000e+00
    26.5027    0.00009     -0.044  27.657593  0.000e+00
    26.4787    0.00009     -0.044  27.657650  0.000e+00
    26.4713    0.00009     -0.044  27.657708  0.000e+00
    26.3765    0.00008     -0.040  27.657766  0.000e+00
    26.2631    0.00009     -0.038  27.657824  0.000e+00
    26.2090    0.00008     -0.038  27.657882  0.000e+00
    26.0414    0.00008     -0.038  27.657940  0.000e+00
    26.0420    0.00008     -0.038  27.657998  0.000e+00
    25.9891    0.00008     -0.038  27.658056  0.000e+00
    25.9937    0.00008     -0.038  27.658113  0.000e+00
    26.0052    0.00009     -0.040  27.658171  0.000e+00
    26.0678    0.00009     -0.038  27.658229  0.000e+00
    26.1042    0.00009     -0.038  27.658287  0.000e+00
    26.0908    0.00009     -0.038  27.658345  0.000e+00
    26.0694    0.00008     -0.036  27.658403  0.000e+00
    25.9833    0.00008     -0.038  27.658461  0.000e+00
    26.0099    0.00009     -0.038  27.658519  0.000e+00
    25.9797    0.00008     -0.036  27.658576  0.000e+00
    25.9615    0.00008     -0.038  27.658634  0.000e+00
    25.9884    0.00008     -0.036  27.658692  0.000e+00
    26.0438    0.00009     -0.036  27.658750  0.000e+00
    25.9955    0.00009     -0.036  27.658808  0.000e+00
    25.9719    0.00008     -0.036  27.658866  0.000e+00
    25.9977    0.00009     -0.036  27.658924  0.000e+00
    25.9056    0.00008     -0.035  27.658981  0.000e+00
    25.8743    0.00008     -0.036  27.659039  0.000e+00
    25.8304    0.00008     -0.035  27.659097  0.000e+00
    25.8622    0.00008     -0.036  27.659155  0.000e+00
    25.9233    0.00008     -0.036  27.659213  0.000e+00
    25.9568    0.00008     -0.036  27.659271  0.000e+00
    26.0305    0.00009     -0.036  27.659329  0.000e+00
    26.1280    0.00009     -0.036  27.659387  0.000e+00
    26.1603    0.00009     -0.036  27.659444  0.000e+00
    26.1634    0.00009     -0.036  27.659502  0.000e+00
    26.2319    0.00009     -0.036  27.659560  0.000e+00
    26.1948    0.00009     -0.035  27.659618  0.000e+00
    26.1811    0.00009     -0.035  27.659676  0.000e+00
    26.1982    0.00009     -0.035  27.659734  0.000e+00
    26.2546    0.00009     -0.036  27.659792  0.000e+00
    26.3302    0.00009     -0.036  27.659850  0.000e+00
    26.4051    0.00009     -0.036  27.659907  0.000e+00
    26.4032    0.00009     -0.036  27.659965  0.000e+00
    26.4068    0.00009     -0.036  27.660023  0.000e+00
    26.4871    0.00009     -0.036  27.660081  0.000e+00
    26.5544    0.00009     -0.036  27.660139  0.000e+00
    26.5656    0.00009     -0.036  27.660197  0.000e+00
    26.5540    0.00009     -0.036  27.660255  0.000e+00
    26.5773    0.00009     -0.036  27.660313  0.000e+00
    26.4086    0.00009     -0.036  27.660370  0.000e+00
    26.4056    0.00009     -0.036  27.660428  0.000e+00
    26.1968    0.13019     -0.036  27.660486  0.000e+00
    27.4535    3.76696      0.075  27.660544  0.000e+00
    27.4576    3.94797      0.251  27.660602  0.000e+00
    27.4395    3.95000      0.293  27.660660  0.000e+00
    27.4048    3.95801      0.113  27.660718  0.000e+00
    27.2105    3.97409      0.462  27.660775  0.000e+00
    26.2476    4.10362      0.830  27.660833  0.000e+00
    26.1276    4.18515      0.708  27.660891  0.000e+00
    26.8342    4.16246      0.460  27.660949  0.000e+00
    27.0436    0.38053     -0.031  27.661007  0.000e+00
    24.8200    0.01070     -0.031  27.661065  0.000e+00
    24.4543    0.00007     -0.033  27.661123  0.000e+00
    24.1784    0.00008     -0.031  27.661181  0.000e+00
    24.1000    0.00008     -0.033  27.661238  0.000e+00
    23.8452    0.00008     -0.033  27.661296  0.000e+00
    23.7678    0.00008     -0.035  27.661354  0.000e+00
    23.8841    0.00008     -0.033  27.661412  0.000e+00
    23.9261    0.00008     -0.033  27.661470  0.000e+00
    24.0055    0.00008     -0.035  27.661528  0.000e+00
    24.0463    0.00008     -0.035  27.661586  0.000e+00
    24.0529    0.00008     -0.035  27.661644  0.000e+00
    24.1729    0.00008     -0.035  27.661701  0.000e+00
    24.1645    0.00008     -0.035  27.661759  0.000e+00
    24.0864    0.00008     -0.035  27.661817  0.000e+00
    24.0999    0.00008     -0.035  27.661875  0.000e+00
    24.0164    0.00008     -0.035  27.661933  0.000e+00
    24.0079    0.00008     -0.035  27.661991  0.000e+00
    24.0076    0.00008     -0.035  27.662049  0.000e+00
    24.0127    0.00008     -0.035  27.662106  0.000e+00
    24.0595    0.00008     -0.035  27.662164  0.000e+00
    24.1985    0.00008     -0.036  27.662222  0.000e+00
    24.2910    0.00008     -0.035  27.662280  0.000e+00
    24.2809    0.00008     -0.035  27.662338  0.000e+00
    24.3739    0.00007     -0.036  27.662396  0.000e+00
    24.4177    0.00008     -0.035  27.662454  0.000e+00
    24.4416    0.00008     -0.036  27.662512  0.000e+00
    24.6620    0.00008     -0.035  27.662569  0.000e+00
    25.0622    0.00008     -0.036  27.662627  0.000e+00
    25.2220    0.00007     -0.036  27.662685  0.000e+00
    25.2746    0.00007     -0.036  27.662743  0.000e+00
    25.1537    0.00008     -0.036  27.662801  0.000e+00
    25.1775    0.00008     -0.036  27.662859  0.000e+00
    25.1860    0.00008     -0.035  27.662917  0.000e+00
    25.3205    0.00007     -0.035  27.662975  0.000e+00
    25.4548    0.00008     -0.035  27.663032  0.000e+00
    25.6360    0.00008     -0.035  27.663090  0.000e+00
    25.6320    0.00007     -0.035  27.663148  0.000e+00
    25.8306    0.00008     -0.033  27.663206  0.000e+00
    26.0858    0.00008     -0.035  27.663264  0.000e+00
    26.2697    0.00008     -0.035  27.663322  0.000e+00
    26.2641    0.00008     -0.035  27.663380  0.000e+00
    26.3603    0.00008     -0.035  27.663437  0.000e+00
    26.3092    0.00008     -0.033  27.663495  0.000e+00
    26.1164    0.00008     -0.033  27.663553  0.000e+00
    26.1046    0.00008     -0.031  27.663611  0.000e+00
    26.2600    0.00008     -0.033  27.663669  0.000e+00
    26.5023    0.00008     -0.033  27.663727  0.000e+00
    26.8308    0.00008     -0.033  27.663785  0.000e+00
    27.1991    0.00008     -0.033  27.663843  0.000e+00
    27.4685    0.00008     -0.035  27.663900  0.000e+00
    27.6192    0.00008     -0.035  27.663958  0.000e+00
    27.8042    0.00008     -0.035  27.664016  0.000e+00
    27.8635    0.00008     -0.035  27.664074  0.000e+00
    27.8335    0.00008     -0.035  27.664132  0.000e+00
    27.8099    0.00008     -0.036  27.664190  0.000e+00
    27.8840    0.00008     -0.035  27.664248  0.000e+00
    27.9754    0.00008     -0.035  27.664306  0.000e+00
    28.1815    0.00008     -0.036  27.664363  0.000e+00
    28.3020    0.00008     -0.035  27.664421  0.000e+00
    28.2211    0.00008     -0.035  27.664479  0.000e+00
    28.1837    0.00008     -0.035  27.664537  0.000e+00
    28.1758    0.00008     -0.035  27.664595  0.000e+00
    28.1240    0.00008     -0.035  27.664653  0.000e+00
    27.9709    0.00008     -0.035  27.664711  0.000e+00
    27.7409    0.00008     -0.035  27.664769  0.000e+00
    27.6376    0.00008     -0.035  27.664826  0.000e+00
    27.5677    0.00008     -0.033  27.664884  0.000e+00
    27.4712    0.00008     -0.035  27.664942  0.000e+00
    27.4153    0.00009     -0.035  27.665000  0.000e+00
    27.3984    0.00009     -0.036  27.665058  0.000e+00
    27.5287    0.00009     -0.036  27.665116  0.000e+00
    27.6554    0.00008     -0.036  27.665174  0.000e+00
    27.5939    0.00008     -0.038  27.665231  0.000e+00
    27.5857    0.00009     -0.036  27.665289  0.000e+00
    27.6299    0.00009     -0.038  27.665347  0.000e+00
    27.5821    0.00008     -0.038  27.665405  0.000e+00
    27.5651    0.00008     -0.038  27.665463  0.000e+00
    27.4764    0.00008     -0.036  27.665521  0.000e+00
    27.4523    0.00008     -0.038  27.665579  0.000e+00
    27.5462    0.00008     -0.038  27.665637  0.000e+00
    27.6357    0.00008     -0.036  27.665694  0.000e+00
    27.7381    0.00008     -0.038  27.665752  0.000e+00
    27.9017    0.00008     -0.040  27.665810  0.000e+00
    28.1720    0.00008     -0.040  27.665868  0.000e+00
    28.3336    0.00008     -0.042  27.665926  0.000e+00
    28.4643    0.00008     -0.042  27.665984  0.000e+00
    28.6000    0.00008     -0.042  27.666042  0.000e+00
    28.6808    0.00008     -0.044  27.666100  0.000e+00
    28.7056    0.00008     -0.044  27.666157  0.000e+00
    28.7309    0.00008     -0.042  27.666215  0.000e+00
    28.7393    0.00008     -0.042  27.666273  0.000e+00
    28.6914    0.00007     -0.042  27.666331  0.000e+00
    28.8251    0.00008     -0.044  27.666389  0.000e+00
    28.8196    0.00008     -0.045  27.666447  0.000e+00
    28.8774    0.00008     -0.044  27.666505  0.000e+00
