data/raw/27-01-17/stations_27-01-2017.asc
* Sea-Bird SBE37 Data File:
* FileName = C:\Documents and Settings\Usuário(a)\Desktop\CTD_LAGOA\stations_27-01-2017.asc
* Software Version 1.59
* Temperature SN = 2603
* Conductivity SN = 2603
* System UpLoad Time = Jan 27 2017 18:39:39
* ds
* SBE37-SM V 2.2  SERIAL NO. 2603    27 Jan 2017  18:12:28
*END*
[from data line 315]
 26.8801, 0.00007,   -0.119, 25 Jan 2017, 14:48:34
 26.9187, 0.00007,   -0.119, 25 Jan 2017, 14:48:41
 26.9610, 0.00007,   -0.119, 25 Jan 2017, 14:48:48
 26.9727, 0.00007,   -0.119, 25 Jan 2017, 14:48:55
 26.9934, 0.00007,   -0.119, 25 Jan 2017, 14:49:02
 26.9787, 0.00007,   -0.121, 25 Jan 2017, 14:49:09
 26.9447, 0.00007,   -0.119, 25 Jan 2017, 14:49:16
 26.8508, 0.00007,   -0.119, 25 Jan 2017, 14:49:23
 26.7627, 0.00007,   -0.119, 25 Jan 2017, 14:49:30
 26.7305, 0.00007,   -0.119, 25 Jan 2017, 14:49:37
 26.7324, 0.00007,   -0.119, 25 Jan 2017, 14:49:44
 26.6583, 0.00007,   -0.121, 25 Jan 2017, 14:49:51
 26.6624, 0.00007,   -0.121, 25 Jan 2017, 14:49:58
 26.6878, 0.00007,   -0.121, 25 Jan 2017, 14:50:05
 26.6955, 0.00007,   -0.121, 25 Jan 2017, 14:50:12
 26.7214, 0.00007,   -0.121, 25 Jan 2017, 14:50:19
 26.7576, 0.00007,   -0.123, 25 Jan 2017, 14:50:26
 26.7303, 0.00007,   -0.123, 25 Jan 2017, 14:50:33
 26.7349, 0.00007,   -0.123, 25 Jan 2017, 14:50:40
 26.7701, 0.00007,   -0.123, 25 Jan 2017, 14:50:47
 26.8435, 0.00007,   -0.125, 25 Jan 2017, 14:50:54
 26.7145, 0.00007,   -0.128, 25 Jan 2017, 14:51:01
 26.6142, 0.00007,   -0.128, 25 Jan 2017, 14:51:08
 28.2842, 1.55542,   -0.035, 25 Jan 2017, 14:51:15
 28.3538, 1.65810,    0.043, 25 Jan 2017, 14:51:22
 28.3566, 1.81835,    0.057, 25 Jan 2017, 14:51:29
 28.3756, 1.86800,    0.347, 25 Jan 2017, 14:51:36
 28.3459, 2.68318,    0.643, 25 Jan 2017, 14:51:43
 28.2473, 2.96311,    1.125, 25 Jan 2017, 14:51:50
 28.0183, 3.15813,    1.453, 25 Jan 2017, 14:51:57
 26.7530, 4.00194,    2.240, 25 Jan 2017, 14:52:04
 26.6667, 4.10283,    3.048, 25 Jan 2017, 14:52:11
 26.4974, 4.46472,    3.841, 25 Jan 2017, 14:52:18
 26.2843, 4.70013,    4.555, 25 Jan 2017, 14:52:25
 26.1367, 4.79334,    5.499, 25 Jan 2017, 14:52:32
 26.0396, 4.86578,    5.420, 25 Jan 2017, 14:52:39
 26.2046, 4.80362,    4.220, 25 Jan 2017, 14:52:46
 26.5705, 4.58083,    3.476, 25 Jan 2017, 14:52:53
 26.7198, 4.45583,    2.310, 25 Jan 2017, 14:53:00
 27.2989, 4.25265,    1.483, 25 Jan 2017, 14:53:07
 27.8744, 3.55310,    0.467, 25 Jan 2017, 14:53:14
 27.2931, 0.00007,   -0.130, 25 Jan 2017, 14:53:21
 26.9228, 0.00006,   -0.130, 25 Jan 2017, 14:53:28
 26.9040, 0.00006,   -0.128, 25 Jan 2017, 14:53:35
 26.9112, 0.00006,   -0.128, 25 Jan 2017, 14:53:42
 26.9552, 0.00007,   -0.128, 25 Jan 2017, 14:53:49
 26.8360, 0.00007,   -0.130, 25 Jan 2017, 14:53:56
 26.7418, 0.00007,   -0.130, 25 Jan 2017, 14:54:03
 26.7219, 0.00007,   -0.130, 25 Jan 2017, 14:54:10
 26.6904, 0.00007,   -0.130, 25 Jan 2017, 14:54:17
 26.7128, 0.00007,   -0.132, 25 Jan 2017, 14:54:24
 26.7778, 0.00007,   -0.132, 25 Jan 2017, 14:54:31
 26.8741, 0.00006,   -0.132, 25 Jan 2017, 14:54:38
 26.9629, 0.00005,   -0.134, 25 Jan 2017, 14:54:45
 27.0264, 0.00007,   -0.134, 25 Jan 2017, 14:54:52
 27.0068, 0.00007,   -0.134, 25 Jan 2017, 14:54:59
 26.9914, 0.00007,   -0.134, 25 Jan 2017, 14:55:06
 26.9810, 0.00007,   -0.135, 25 Jan 2017, 14:55:13
 26.9540, 0.00007,   -0.135, 25 Jan 2017, 14:55:20
 26.9275, 0.00007,   -0.135, 25 Jan 2017, 14:55:27
 26.8924, 0.00007,   -0.135, 25 Jan 2017, 14:55:34
 26.8933, 0.00008,   -0.135, 25 Jan 2017, 14:55:41
 26.8915, 0.00007,   -0.137, 25 Jan 2017, 14:55:48
 26.9087, 0.00007,   -0.137, 25 Jan 2017, 14:55:55
 26.9064, 0.00007,   -0.137, 25 Jan 2017, 14:56:02
 26.8604, 0.00008,   -0.137, 25 Jan 2017, 14:56:09
 26.8618, 0.00007,   -0.137, 25 Jan 2017, 14:56:16
 26.8535, 0.00008,   -0.137, 25 Jan 2017, 14:56:23
 26.8343, 0.00007,   -0.137, 25 Jan 2017, 14:56:30
 26.8599, 0.00008,   -0.137, 25 Jan 2017, 14:56:37
 26.8559, 0.00007,   -0.137, 25 Jan 2017, 14:56:44
 26.8885, 0.00007,   -0.137, 25 Jan 2017, 14:56:51
 26.7736, 0.00008,   -0.135, 25 Jan 2017, 14:56:58
 28.0078, 0.45170,   -0.096, 25 Jan 2017, 14:57:05
 28.0221, 1.18689,    0.066, 25 Jan 2017, 14:57:12
 28.0270, 1.26461,    0.145, 25 Jan 2017, 14:57:19
 28.0298, 1.27656,    0.169, 25 Jan 2017, 14:57:26
 28.0450, 1.39951,    0.607, 25 Jan 2017, 14:57:33
 28.0353, 1.52237,    0.181, 25 Jan 2017, 14:57:40
 28.0520, 1.72928,    0.507, 25 Jan 2017, 14:57:47
 27.9081, 0.29908,   -0.134, 25 Jan 2017, 14:57:54
 26.0096, 0.00008,   -0.135, 25 Jan 2017, 14:58:01
 25.5996, 0.00008,   -0.135, 25 Jan 2017, 14:58:08
 25.8418, 0.00008,   -0.137, 25 Jan 2017, 14:58:15
 25.8651, 0.00008,   -0.137, 25 Jan 2017, 14:58:22
 25.9776, 0.00008,   -0.137, 25 Jan 2017, 14:58:29
 26.0674, 0.00008,   -0.139, 25 Jan 2017, 14:58:36
 26.1766, 0.00008,   -0.139, 25 Jan 2017, 14:58:43
 26.1762, 0.00008,   -0.139, 25 Jan 2017, 14:58:50
 26.3211, 0.00008,   -0.139, 25 Jan 2017, 14:58:57
 26.3564, 0.00008,   -0.141, 25 Jan 2017, 14:59:04
 26.3823, 0.00008,   -0.141, 25 Jan 2017, 14:59:11
 26.3734, 0.00008,   -0.141, 25 Jan 2017, 14:59:18
 26.4316, 0.00008,   -0.141, 25 Jan 2017, 14:59:25
 26.5312, 0.00008,   -0.141, 25 Jan 2017, 14:59:32
 26.5974, 0.00008,   -0.141, 25 Jan 2017, 14:59:39
 26.6865, 0.00008,   -0.141, 25 Jan 2017, 14:59:46
 26.7530, 0.00008,   -0.141, 25 Jan 2017, 14:59:53
 26.7682, 0.00008,   -0.141, 25 Jan 2017, 15:00:00
 26.7503, 0.00008,   -0.141, 25 Jan 2017, 15:00:07
 26.7443, 0.00008,   -0.141, 25 Jan 2017, 15:00:14
 26.7637, 0.00008,   -0.141, 25 Jan 2017, 15:00:21
 26.7979, 0.00008,   -0.141, 25 Jan 2017, 15:00:28
 26.8096, 0.00008,   -0.141, 25 Jan 2017, 15:00:35
 26.8566, 0.00008,   -0.141, 25 Jan 2017, 15:00:42
 26.8877, 0.00008,   -0.141, 25 Jan 2017, 15:00:49
 26.9086, 0.00008,   -0.141, 25 Jan 2017, 15:00:56
 26.9106, 0.00008,   -0.141, 25 Jan 2017, 15:01:03
 26.8760, 0.00008,   -0.141, 25 Jan 2017, 15:01:10
 26.8818, 0.00008,   -0.141, 25 Jan 2017, 15:01:17
 26.9061, 0.00008,   -0.141, 25 Jan 2017, 15:01:24
 26.8812, 0.00008,   -0.141, 25 Jan 2017, 15:01:31
 26.8517, 0.00008,   -0.141, 25 Jan 2017, 15:01:38
 26.8338, 0.00008,   -0.141, 25 Jan 2017, 15:01:45
 26.7835, 0.00008,   -0.141, 25 Jan 2017, 15:01:52
 26.8239, 0.00008,   -0.141, 25 Jan 2017, 15:01:59
 26.8911, 0.00008,   -0.141, 25 Jan 2017, 15:02:06
 26.8905, 0.00008,   -0.143, 25 Jan 2017, 15:02:13
 26.8608, 0.00008,   -0.141, 25 Jan 2017, 15:02:20
 26.8583, 0.00008,   -0.141, 25 Jan 2017, 15:02:27
 26.8826, 0.00008,   -0.141, 25 Jan 2017, 15:02:34
 26.9314, 0.00008,   -0.141, 25 Jan 2017, 15:02:41
 26.9423, 0.00008,   -0.141, 25 Jan 2017, 15:02:48
 26.9287, 0.00008,   -0.141, 25 Jan 2017, 15:02:55
 26.9734, 0.00008,   -0.141, 25 Jan 2017, 15:03:02
 26.9417, 0.00008,   -0.141, 25 Jan 2017, 15:03:09
 26.9060, 0.00008,   -0.141, 25 Jan 2017, 15:03:16
 26.9666, 0.00008,   -0.141, 25 Jan 2017, 15:03:23
 27.0136, 0.00008,   -0.141, 25 Jan 2017, 15:03:30
 26.9922, 0.00008,   -0.141, 25 Jan 2017, 15:03:37
 26.9430, 0.00008,   -0.141, 25 Jan 2017, 15:03:44
 26.9483, 0.00008,   -0.141, 25 Jan 2017, 15:03:51
 26.8502, 0.00008,   -0.141, 25 Jan 2017, 15:03:58
 26.8849, 0.00008,   -0.141, 25 Jan 2017, 15:04:05
 26.8692, 0.00008,   -0.141, 25 Jan 2017, 15:04:12
 26.9309, 0.00008,   -0.141, 25 Jan 2017, 15:04:19
 26.9413, 0.00008,   -0.141, 25 Jan 2017, 15:04:26
 26.9864, 0.00008,   -0.141, 25 Jan 2017, 15:04:33
 26.9764, 0.00008,   -0.141, 25 Jan 2017, 15:04:40
 26.9304, 0.00008,   -0.141, 25 Jan 2017, 15:04:47
 26.9251, 0.00008,   -0.141, 25 Jan 2017, 15:04:54
 27.8777, 1.83099,   -0.015, 25 Jan 2017, 15:05:01
 28.2389, 1.86358,    0.001, 25 Jan 2017, 15:05:08
 28.2440, 1.91756,    0.007, 25 Jan 2017, 15:05:15
 28.2234, 1.97287,   -0.063, 25 Jan 2017, 15:05:22
 28.2260, 1.91279,    0.028, 25 Jan 2017, 15:05:29
 28.2289, 1.87057,   -0.080, 25 Jan 2017, 15:05:36
 28.2513, 2.03671,    0.411, 25 Jan 2017, 15:05:43
 28.2276, 1.74578,   -0.096, 25 Jan 2017, 15:05:50
 28.2199, 1.74991,    0.296, 25 Jan 2017, 15:05:57
 28.2368, 2.00096,    0.039, 25 Jan 2017, 15:06:04
 26.8589, 0.02802,   -0.137, 25 Jan 2017, 15:06:11
 26.4727, 0.00008,   -0.139, 25 Jan 2017, 15:06:18
 26.4706, 0.00007,   -0.139, 25 Jan 2017, 15:06:25
 26.4440, 0.00007,   -0.139, 25 Jan 2017, 15:06:32
 26.4804, 0.00008,   -0.139, 25 Jan 2017, 15:06:39
 26.5622, 0.00007,   -0.141, 25 Jan 2017, 15:06:46
 26.5391, 0.00008,   -0.141, 25 Jan 2017, 15:06:53
 26.5330, 0.00008,   -0.141, 25 Jan 2017, 15:07:00
 26.5082, 0.00007,   -0.141, 25 Jan 2017, 15:07:07
 26.5651, 0.00007,   -0.141, 25 Jan 2017, 15:07:14
 26.5849, 0.00007,   -0.141, 25 Jan 2017, 15:07:21
 26.5327, 0.00007,   -0.141, 25 Jan 2017, 15:07:28
 26.4736, 0.00007,   -0.141, 25 Jan 2017, 15:07:35
 26.4048, 0.00008,   -0.141, 25 Jan 2017, 15:07:42
 26.3214, 0.00007,   -0.141, 25 Jan 2017, 15:07:49
 26.2010, 0.00007,   -0.141, 25 Jan 2017, 15:07:56
 26.0550, 0.00008,   -0.141, 25 Jan 2017, 15:08:03
 26.0665, 0.00008,   -0.141, 25 Jan 2017, 15:08:10
 25.9876, 0.00008,   -0.141, 25 Jan 2017, 15:08:17
 25.9507, 0.00008,   -0.141, 25 Jan 2017, 15:08:24
 25.9847, 0.00008,   -0.143, 25 Jan 2017, 15:08:31
 26.0137, 0.00008,   -0.143, 25 Jan 2017, 15:08:38
 26.0431, 0.00008,   -0.143, 25 Jan 2017, 15:08:45
 25.9730, 0.00008,   -0.143, 25 Jan 2017, 15:08:52
 25.9107, 0.00008,   -0.143, 25 Jan 2017, 15:08:59
 25.8925, 0.00008,   -0.143, 25 Jan 2017, 15:09:06
 25.8876, 0.00008,   -0.143, 25 Jan 2017, 15:09:13
 25.9584, 0.00008,   -0.143, 25 Jan 2017, 15:09:20
 25.8755, 0.00007,   -0.144, 25 Jan 2017, 15:09:27
 25.9073, 0.00008,   -0.144, 25 Jan 2017, 15:09:34
 25.9179, 0.00007,   -0.144, 25 Jan 2017, 15:09:41
 25.9380, 0.00008,   -0.144, 25 Jan 2017, 15:09:48
 25.8510, 0.00007,   -0.144, 25 Jan 2017, 15:09:55
 25.8647, 0.00008,   -0.144, 25 Jan 2017, 15:10:02
 25.8940, 0.00008,   -0.144, 25 Jan 2017, 15:10:09
 25.8762, 0.00008,   -0.144, 25 Jan 2017, 15:10:16
 25.8946, 0.00007,   -0.144, 25 Jan 2017, 15:10:23
 25.8766, 0.00008,   -0.143, 25 Jan 2017, 15:10:30
 25.9232, 0.00007,   -0.144, 25 Jan 2017, 15:10:37
 25.7984, 0.00008,   -0.144, 25 Jan 2017, 15:10:44
 25.7223, 0.00008,   -0.143, 25 Jan 2017, 15:10:51
 25.6841, 0.00008,   -0.143, 25 Jan 2017, 15:10:58
 25.6432, 0.00008,   -0.143, 25 Jan 2017, 15:11:05
 25.6749, 0.00008,   -0.143, 25 Jan 2017, 15:11:12
 25.6840, 0.00008,   -0.143, 25 Jan 2017, 15:11:19
 25.6873, 0.00008,   -0.143, 25 Jan 2017, 15:11:26
 25.6848, 0.00008,   -0.143, 25 Jan 2017, 15:11:33
 25.6693, 0.00008,   -0.143, 25 Jan 2017, 15:11:40
 25.7231, 0.00008,   -0.141, 25 Jan 2017, 15:11:47
 25.7156, 0.00008,   -0.141, 25 Jan 2017, 15:11:54
 25.7618, 0.00008,   -0.141, 25 Jan 2017, 15:12:01
 25.8113, 0.00008,   -0.143, 25 Jan 2017, 15:12:08
 25.8447, 0.00008,   -0.143, 25 Jan 2017, 15:12:15
 25.8067, 0.00008,   -0.143, 25 Jan 2017, 15:12:22
 25.7882, 0.00008,   -0.141, 25 Jan 2017, 15:12:29
 25.8324, 0.00008,   -0.141, 25 Jan 2017, 15:12:36
 25.8818, 0.00008,   -0.141, 25 Jan 2017, 15:12:43
 25.8995, 0.00008,   -0.141, 25 Jan 2017, 15:12:50
 25.8811, 0.00008,   -0.141, 25 Jan 2017, 15:12:57
 25.8293, 0.00008,   -0.141, 25 Jan 2017, 15:13:04
 25.8693, 0.00008,   -0.141, 25 Jan 2017, 15:13:11
 25.9106, 0.00008,   -0.143, 25 Jan 2017, 15:13:18
 25.9277, 0.00008,   -0.141, 25 Jan 2017, 15:13:25
 25.9771, 0.00008,   -0.143, 25 Jan 2017, 15:13:32
 25.9883, 0.00008,   -0.141, 25 Jan 2017, 15:13:39
 25.9898, 0.00008,   -0.141, 25 Jan 2017, 15:13:46
 26.0117, 0.00008,   -0.141, 25 Jan 2017, 15:13:53
 26.0547, 0.00008,   -0.141, 25 Jan 2017, 15:14:00
 26.0418, 0.00008,   -0.143, 25 Jan 2017, 15:14:07
 26.0846, 0.00008,   -0.143, 25 Jan 2017, 15:14:14
 26.1686, 0.00008,   -0.141, 25 Jan 2017, 15:14:21
 26.2524, 0.00008,   -0.143, 25 Jan 2017, 15:14:28
 26.1495, 0.00008,   -0.143, 25 Jan 2017, 15:14:35
 26.1803, 0.00008,   -0.143, 25 Jan 2017, 15:14:42
 26.1945, 0.00008,   -0.143, 25 Jan 2017, 15:14:49
 26.2007, 0.00008,   -0.143, 25 Jan 2017, 15:14:56
 25.8988, 0.00008,   -0.143, 25 Jan 2017, 15:15:03
 25.7799, 0.00008,   -0.143, 25 Jan 2017, 15:15:10
 25.8662, 0.00008,   -0.146, 25 Jan 2017, 15:15:17
 25.8983, 0.00008,   -0.146, 25 Jan 2017, 15:15:24
 25.8989, 0.00008,   -0.146, 25 Jan 2017, 15:15:31
 25.9314, 0.00008,   -0.148, 25 Jan 2017, 15:15:38
 25.9221, 0.00008,   -0.148, 25 Jan 2017, 15:15:45
 25.9371, 0.00008,   -0.148, 25 Jan 2017, 15:15:52
 25.9231, 0.00008,   -0.148, 25 Jan 2017, 15:15:59
 25.9132, 0.00008,   -0.148, 25 Jan 2017, 15:16:06
 25.9146, 0.00008,   -0.148, 25 Jan 2017, 15:16:13
 25.9358, 0.00008,   -0.148, 25 Jan 2017, 15:16:20
 25.9745, 0.00008,   -0.148, 25 Jan 2017, 15:16:27
 25.9848, 0.00008,   -0.148, 25 Jan 2017, 15:16:34
 25.9764, 0.00008,   -0.148, 25 Jan 2017, 15:16:41
 26.0128, 0.00008,   -0.148, 25 Jan 2017, 15:16:48
 26.0351, 0.00008,   -0.148, 25 Jan 2017, 15:16:55
 26.0697, 0.00008,   -0.148, 25 Jan 2017, 15:17:02
 26.1013, 0.00008,   -0.148, 25 Jan 2017, 15:17:09
 26.0904, 0.00008,   -0.148, 25 Jan 2017, 15:17:16
 26.1305, 0.00008,   -0.148, 25 Jan 2017, 15:17:23
 26.1409, 0.00008,   -0.148, 25 Jan 2017, 15:17:30
 26.1538, 0.00008,   -0.148, 25 Jan 2017, 15:17:37
 26.1595, 0.00008,   -0.148, 25 Jan 2017, 15:17:44
 26.1799, 0.00008,   -0.150, 25 Jan 2017, 15:17:51
 26.1640, 0.00008,   -0.148, 25 Jan 2017, 15:17:58
 26.1434, 0.00008,   -0.150, 25 Jan 2017, 15:18:05
 26.1473, 0.00008,   -0.148, 25 Jan 2017, 15:18:12
 26.1456, 0.00008,   -0.148, 25 Jan 2017, 15:18:19
 26.1483, 0.00008,   -0.148, 25 Jan 2017, 15:18:26
 26.2188, 0.00008,   -0.155, 25 Jan 2017, 15:37:22
 26.2016, 0.00008,   -0.152, 25 Jan 2017, 15:37:30
 26.2741, 0.00007,   -0.157, 25 Jan 2017, 15:39:36
 26.2210, 0.00008,   -0.153, 25 Jan 2017, 15:39:46
 26.2202, 0.00007,   -0.153, 25 Jan 2017, 15:39:53
 26.2256, 0.00007,   -0.153, 25 Jan 2017, 15:40:00
 26.2638, 0.00008,   -0.153, 25 Jan 2017, 15:40:07
 26.2948, 0.00008,   -0.153, 25 Jan 2017, 15:40:14
 26.3201, 0.00007,   -0.153, 25 Jan 2017, 15:40:21
 26.3552, 0.00007,   -0.153, 25 Jan 2017, 15:40:28
 26.3559, 0.00008,   -0.153, 25 Jan 2017, 15:40:35
 26.2902, 0.00008,   -0.153, 25 Jan 2017, 15:40:42
 26.1533, 0.00007,   -0.153, 25 Jan 2017, 15:40:49
 25.9869, 0.00008,   -0.153, 25 Jan 2017, 15:40:56
 25.9836, 0.00008,   -0.153, 25 Jan 2017, 15:41:03
 26.0552, 0.00008,   -0.153, 25 Jan 2017, 15:41:10
 26.0678, 0.00008,   -0.153, 25 Jan 2017, 15:41:17
 25.9669, 0.00008,   -0.148, 25 Jan 2017, 15:41:24
 25.9280, 0.00008,   -0.148, 25 Jan 2017, 15:41:31
 25.9680, 0.00008,   -0.148, 25 Jan 2017, 15:41:38
 26.0184, 0.00008,   -0.148, 25 Jan 2017, 15:41:45
 25.9832, 0.00008,   -0.148, 25 Jan 2017, 15:41:52
 25.9504, 0.00008,   -0.148, 25 Jan 2017, 15:41:59
 25.9662, 0.00008,   -0.148, 25 Jan 2017, 15:42:06
 25.9664, 0.00008,   -0.148, 25 Jan 2017, 15:42:13
 26.0401, 0.00008,   -0.148, 25 Jan 2017, 15:42:20
 26.1133, 0.00007,   -0.148, 25 Jan 2017, 15:42:27
 26.1244, 0.00008,   -0.148, 25 Jan 2017, 15:42:34
 26.0236, 0.00008,   -0.146, 25 Jan 2017, 15:42:41
 25.9617, 0.00008,   -0.146, 25 Jan 2017, 15:42:48
 25.9062, 0.00008,   -0.146, 25 Jan 2017, 15:42:55
 25.8571, 0.00008,   -0.146, 25 Jan 2017, 15:43:02
 25.7681, 0.00008,   -0.146, 25 Jan 2017, 15:43:09
 25.6911, 0.00008,   -0.146, 25 Jan 2017, 15:43:16
 25.6572, 0.00008,   -0.146, 25 Jan 2017, 15:43:23
 25.6193, 0.00008,   -0.144, 25 Jan 2017, 15:43:30
 25.5828, 0.00008,   -0.146, 25 Jan 2017, 15:43:37
 25.6373, 0.00008,   -0.146, 25 Jan 2017, 15:43:44
 25.6354, 0.00008,   -0.146, 25 Jan 2017, 15:43:51
 25.6017, 0.00008,   -0.146, 25 Jan 2017, 15:43:58
 25.5236, 0.00008,   -0.146, 25 Jan 2017, 15:44:05
 25.5159, 0.00008,   -0.146, 25 Jan 2017, 15:44:12
 25.5604, 0.00008,   -0.144, 25 Jan 2017, 15:44:19
 25.6386, 0.00008,   -0.146, 25 Jan 2017, 15:44:26
 25.7094, 0.00008,   -0.146, 25 Jan 2017, 15:44:33
 25.7216, 0.00008,   -0.146, 25 Jan 2017, 15:44:40
 25.7478, 0.00008,   -0.146, 25 Jan 2017, 15:44:47
 26.7330, 1.52903,   -0.069, 25 Jan 2017, 15:44:54
 27.9691, 1.77049,   -0.060, 25 Jan 2017, 15:45:01
 27.9622, 1.72734,   -0.069, 25 Jan 2017, 15:45:08
 27.9688, 1.73809,   -0.020, 25 Jan 2017, 15:45:15
 27.9963, 1.75372,   -0.062, 25 Jan 2017, 15:45:22
 27.9870, 1.74665,   -0.072, 25 Jan 2017, 15:45:29
 28.0114, 1.74761,    0.066, 25 Jan 2017, 15:45:36
 28.1171, 1.83628,    0.530, 25 Jan 2017, 15:45:43
 28.1453, 2.11202,    0.769, 25 Jan 2017, 15:45:50
