data/raw/27-01-17/stations_27-01-2017_processed.cnv
* Sea-Bird SBE37 Data File:
* FileName = C:\Documents and Settings\Usuário(a)\Desktop\CTD_LAGOA\stations_27-01-2017.asc
* Software Version 1.59
* Temperature SN = 2603
* Conductivity SN = 2603
* System UpLoad Time = Jan 27 2017 18:39:39
* ds
* SBE37-SM V 2.2  SERIAL NO. 2603    27 Jan 2017  18:12:28
# nquan = 9                                 
# nvalues = 4741                        
# units = metric
# name 0 = t090: temperature, ITS-90 [deg C]
# name 1 = c0S/m: conductivity [S/m]
# name 2 = pr: pressure [db]
# name 3 = timeJ: time [julian days]
# name 4 = potemp090C: Potential Temperature [ITS-90, deg C]
# name 5 = sal00: Salinity, Practical [PSU]
# name 6 = depSM: Depth [salt water, m], lat = 28.48
# name 7 = sigma-t00: Density [sigma-t, kg/m^3 ]
# name 8 = flag: flag
# span 0 =    21.8595,    31.8219       
# span 1 =   0.000040,   5.381540       
# span 2 =     -0.179,      7.837       
# span 3 =  25.591771,  27.758403       
# span 4 =    21.8595,    31.8219       
# span 5 =     0.0107,    34.7609       
# span 6 =     -0.178,      7.784       
# span 7 =    -4.9050,    22.8494       
# span 8 = 0.0000e+00, 0.0000e+00       
# interval = seconds: 5
# start_time = Jan 27 2017 13:29:35
# bad_flag = -9.990e-29
*END*
[from data line 3041]
    22.7965   0.000090     -0.035  27.627616    22.7965     0.0110     -0.035    -2.4037 0.0000e+00
    22.7343   0.000090     -0.029  27.627674    22.7343     0.0110     -0.029    -2.3891 0.0000e+00
    22.6351   0.000090     -0.033  27.627731    22.6351     0.0110     -0.033    -2.3660 0.0000e+00
    22.5723   0.000090     -0.035  27.627789    22.5723     0.0110     -0.035    -2.3513 0.0000e+00
    22.5482   0.000090     -0.035  27.627847    22.5482     0.0109     -0.035    -2.3457 0.0000e+00
    22.6362   0.000090     -0.036  27.627905    22.6362     0.0110     -0.036    -2.3662 0.0000e+00
    22.7821   0.000090     -0.031  27.627963    22.7821     0.0110     -0.031    -2.4003 0.0000e+00
    23.0051   0.000080     -0.035  27.628021    23.0051     0.0111     -0.035    -2.4529 0.0000e+00
    23.1440   0.000090     -0.035  27.628079    23.1440     0.0112     -0.035    -2.4859 0.0000e+00
    23.2343   0.000080     -0.035  27.628137    23.2343     0.0112     -0.035    -2.5074 0.0000e+00
    23.2292   0.000080     -0.035  27.628194    23.2292     0.0112     -0.035    -2.5062 0.0000e+00
    23.1307   0.000080     -0.033  27.628252    23.1307     0.0112     -0.033    -2.4827 0.0000e+00
    23.0221   0.000080     -0.033  27.628310    23.0221     0.0111     -0.033    -2.4569 0.0000e+00
    23.0238   0.000090     -0.035  27.628368    23.0238     0.0111     -0.035    -2.4573 0.0000e+00
    23.0642   0.000090     -0.033  27.628426    23.0642     0.0111     -0.033    -2.4669 0.0000e+00
    23.1513   0.000090     -0.036  27.628484    23.1513     0.0112     -0.036    -2.4876 0.0000e+00
    23.2602   0.000090     -0.036  27.628542    23.2602     0.0112     -0.036    -2.5136 0.0000e+00
    23.1822   0.000090     -0.031  27.628600    23.1822     0.0112     -0.031    -2.4950 0.0000e+00
    23.2011   0.000090     -0.033  27.628657    23.2011     0.0112     -0.033    -2.4995 0.0000e+00
    23.2687   0.000090     -0.036  27.628715    23.2687     0.0112     -0.036    -2.5156 0.0000e+00
    23.3120   0.000090     -0.031  27.628773    23.3120     0.0112     -0.031    -2.5260 0.0000e+00
    23.3909   0.000080     -0.033  27.628831    23.3909     0.0113     -0.033    -2.5449 0.0000e+00
    23.2157   0.000080     -0.033  27.628889    23.2157     0.0112     -0.033    -2.5030 0.0000e+00
    23.1402   0.000090     -0.033  27.628947    23.1402     0.0112     -0.033    -2.4850 0.0000e+00
    23.0726   0.000090     -0.035  27.629005    23.0726     0.0111     -0.035    -2.4689 0.0000e+00
    23.1062   0.000080     -0.033  27.629063    23.1062     0.0112     -0.033    -2.4769 0.0000e+00
    23.2627   0.000090     -0.035  27.629120    23.2627     0.0112     -0.035    -2.5142 0.0000e+00
    23.2630   0.000090     -0.035  27.629178    23.2630     0.0112     -0.035    -2.5143 0.0000e+00
    23.3299   0.000090     -0.035  27.629236    23.3299     0.0112     -0.035    -2.5303 0.0000e+00
    23.3487   0.000090     -0.036  27.629294    23.3487     0.0112     -0.036    -2.5348 0.0000e+00
    23.2574   0.000080     -0.033  27.629352    23.2574     0.0112     -0.033    -2.5129 0.0000e+00
    25.5168   2.640460      0.001  27.629410    25.5168    15.9602      0.001     8.8738 0.0000e+00
    26.6119   4.086230      0.106  27.629468    26.6119    25.2305      0.105    15.4973 0.0000e+00
    26.5881   4.098050      0.251  27.629525    26.5880    25.3245      0.249    15.5751 0.0000e+00
    26.5794   4.105960      0.420  27.629583    26.5793    25.3836      0.417    15.6220 0.0000e+00
    26.5743   4.105200      0.575  27.629641    26.5742    25.3811      0.571    15.6217 0.0000e+00
    26.5336   4.107780      0.936  27.629699    26.5334    25.4210      0.930    15.6640 0.0000e+00
    26.4924   4.106380      0.990  27.629757    26.4922    25.4339      0.983    15.6862 0.0000e+00
    26.1911   4.116410      1.453  27.629815    26.1908    25.6692      1.443    15.9538 0.0000e+00
    25.6495   4.164700      1.587  27.629873    25.6492    26.3118      1.576    16.5987 0.0000e+00
    25.6378   4.286990      1.426  27.629931    25.6375    27.1798      1.416    17.2546 0.0000e+00
    25.6559   4.229930      1.116  27.629988    25.6557    26.7670      1.109    16.9389 0.0000e+00
    26.3446   4.155890      0.868  27.630046    26.3444    25.8572      0.862    16.0486 0.0000e+00
    26.4837   4.121990      0.437  27.630104    26.4836    25.5463      0.434    15.7731 0.0000e+00
    26.5890   4.110160      0.169  27.630162    26.5890    25.4072      0.168    15.6368 0.0000e+00
    24.5274   0.074370     -0.024  27.630220    24.5274     0.3667     -0.024    -2.5557 0.0000e+00
    23.3204   0.000080     -0.026  27.630278    23.3204     0.0112     -0.026    -2.5280 0.0000e+00
    23.0361   0.000080     -0.027  27.630336    23.0361     0.0111     -0.027    -2.4602 0.0000e+00
    22.7402   0.000080     -0.024  27.630394    22.7402     0.0110     -0.024    -2.3905 0.0000e+00
    22.5634   0.000080     -0.027  27.630451    22.5634     0.0109     -0.027    -2.3493 0.0000e+00
    22.6664   0.000080     -0.027  27.630509    22.6664     0.0110     -0.027    -2.3733 0.0000e+00
    22.6022   0.000080     -0.027  27.630567    22.6022     0.0110     -0.027    -2.3583 0.0000e+00
    22.4029   0.000080     -0.031  27.630625    22.4029     0.0109     -0.031    -2.3121 0.0000e+00
    22.2677   0.000080     -0.033  27.630683    22.2677     0.0108     -0.033    -2.2810 0.0000e+00
    22.0351   0.000090     -0.027  27.630741    22.0351     0.0107     -0.027    -2.2279 0.0000e+00
    21.9305   0.000080     -0.020  27.630799    21.9305     0.0107     -0.020    -2.2042 0.0000e+00
    21.9907   0.000080     -0.022  27.630856    21.9907     0.0107     -0.022    -2.2179 0.0000e+00
    22.0280   0.000080     -0.024  27.630914    22.0280     0.0107     -0.024    -2.2263 0.0000e+00
    22.0178   0.000080     -0.027  27.630972    22.0178     0.0107     -0.027    -2.2240 0.0000e+00
    22.0433   0.000080     -0.029  27.631030    22.0433     0.0108     -0.029    -2.2298 0.0000e+00
    22.1304   0.000080     -0.027  27.631088    22.1304     0.0108     -0.027    -2.2496 0.0000e+00
    22.1679   0.000080     -0.029  27.631146    22.1679     0.0108     -0.029    -2.2582 0.0000e+00
    22.1758   0.000080     -0.027  27.631204    22.1758     0.0108     -0.027    -2.2600 0.0000e+00
    22.2704   0.000080     -0.029  27.631262    22.2704     0.0108     -0.029    -2.2816 0.0000e+00
    22.3301   0.000080     -0.026  27.631319    22.3301     0.0109     -0.026    -2.2953 0.0000e+00
    22.4976   0.000070     -0.020  27.631377    22.4976     0.0109     -0.020    -2.3340 0.0000e+00
    22.5968   0.000080     -0.024  27.631435    22.5968     0.0110     -0.024    -2.3570 0.0000e+00
    22.7513   0.000080     -0.020  27.631493    22.7513     0.0110     -0.020    -2.3931 0.0000e+00
    22.8650   0.000080     -0.020  27.631551    22.8650     0.0111     -0.020    -2.4198 0.0000e+00
    22.9243   0.000080     -0.018  27.631609    22.9243     0.0111     -0.018    -2.4338 0.0000e+00
    23.0135   0.000080     -0.022  27.631667    23.0135     0.0111     -0.022    -2.4549 0.0000e+00
    23.0381   0.000080     -0.018  27.631725    23.0381     0.0111     -0.018    -2.4607 0.0000e+00
    23.0407   0.000080     -0.018  27.631782    23.0407     0.0111     -0.018    -2.4613 0.0000e+00
    23.0076   0.000080     -0.018  27.631840    23.0076     0.0111     -0.018    -2.4535 0.0000e+00
    23.0262   0.000080     -0.013  27.631898    23.0262     0.0111     -0.013    -2.4579 0.0000e+00
    23.1330   0.000080     -0.022  27.631956    23.1330     0.0112     -0.022    -2.4832 0.0000e+00
    23.1105   0.000080     -0.024  27.632014    23.1105     0.0112     -0.024    -2.4779 0.0000e+00
    23.1091   0.000080     -0.022  27.632072    23.1091     0.0112     -0.022    -2.4776 0.0000e+00
    23.1510   0.000080     -0.022  27.632130    23.1510     0.0112     -0.022    -2.4875 0.0000e+00
    23.1869   0.000080     -0.022  27.632187    23.1869     0.0112     -0.022    -2.4961 0.0000e+00
    23.0665   0.000080     -0.022  27.632245    23.0665     0.0111     -0.022    -2.4674 0.0000e+00
    23.1459   0.000080     -0.024  27.632303    23.1459     0.0112     -0.024    -2.4863 0.0000e+00
    23.1700   0.000080     -0.024  27.632361    23.1700     0.0112     -0.024    -2.4920 0.0000e+00
    23.2274   0.000080     -0.026  27.632419    23.2274     0.0112     -0.026    -2.5057 0.0000e+00
    23.2921   0.000080     -0.024  27.632477    23.2921     0.0112     -0.024    -2.5212 0.0000e+00
    23.3620   0.000080     -0.027  27.632535    23.3620     0.0112     -0.027    -2.5380 0.0000e+00
    23.4222   0.000080     -0.026  27.632593    23.4222     0.0113     -0.026    -2.5525 0.0000e+00
    23.4310   0.000080     -0.024  27.632650    23.4310     0.0113     -0.024    -2.5546 0.0000e+00
    23.5413   0.000080     -0.022  27.632708    23.5413     0.0113     -0.022    -2.5812 0.0000e+00
    23.5603   0.000070     -0.020  27.632766    23.5603     0.0113     -0.020    -2.5858 0.0000e+00
    23.6511   0.000070     -0.022  27.632824    23.6511     0.0114     -0.022    -2.6079 0.0000e+00
    23.7463   0.000070     -0.022  27.632882    23.7463     0.0114     -0.022    -2.6310 0.0000e+00
    23.7407   0.000070     -0.022  27.632940    23.7407     0.0114     -0.022    -2.6297 0.0000e+00
    23.7631   0.000080     -0.022  27.632998    23.7631     0.0114     -0.022    -2.6352 0.0000e+00
    23.7491   0.000080     -0.024  27.633056    23.7491     0.0114     -0.024    -2.6317 0.0000e+00
    23.7970   0.000080     -0.024  27.633113    23.7970     0.0114     -0.024    -2.6434 0.0000e+00
    23.8968   0.000080     -0.024  27.633171    23.8968     0.0114     -0.024    -2.6679 0.0000e+00
    23.9744   0.000680     -0.020  27.633229    23.9744     0.0128     -0.020    -2.6859 0.0000e+00
    24.0623   0.000080     -0.026  27.633287    24.0623     0.0115     -0.026    -2.7087 0.0000e+00
    24.0791   0.000080     -0.022  27.633345    24.0791     0.0115     -0.022    -2.7128 0.0000e+00
    24.2067   0.000070     -0.022  27.633403    24.2067     0.0116     -0.022    -2.7444 0.0000e+00
    24.3226   0.000070     -0.020  27.633461    24.3226     0.0116     -0.020    -2.7733 0.0000e+00
    24.3781   0.000080     -0.026  27.633519    24.3781     0.0116     -0.026    -2.7872 0.0000e+00
    24.4309   0.000070     -0.027  27.633576    24.4309     0.0116     -0.027    -2.8004 0.0000e+00
    24.4128   0.000070     -0.027  27.633634    24.4128     0.0116     -0.027    -2.7958 0.0000e+00
    24.4406   0.000070     -0.027  27.633692    24.4406     0.0116     -0.027    -2.8028 0.0000e+00
    24.4531   0.000070     -0.027  27.633750    24.4531     0.0117     -0.027    -2.8060 0.0000e+00
    24.5043   0.000070     -0.017  27.633808    24.5043     0.0117     -0.017    -2.8188 0.0000e+00
    24.6037   0.000070     -0.031  27.633866    24.6037     0.0117     -0.031    -2.8438 0.0000e+00
    24.4893   0.000080     -0.027  27.633924    24.4893     0.0117     -0.027    -2.8150 0.0000e+00
    24.4849   0.000070     -0.031  27.633981    24.4849     0.0117     -0.031    -2.8139 0.0000e+00
    24.4482   0.000070     -0.036  27.634039    24.4482     0.0117     -0.036    -2.8047 0.0000e+00
    24.4027   0.000080     -0.033  27.634097    24.4027     0.0116     -0.033    -2.7933 0.0000e+00
    24.3989   0.000080     -0.036  27.634155    24.3989     0.0116     -0.036    -2.7924 0.0000e+00
    24.3337   0.000070     -0.033  27.634213    24.3337     0.0116     -0.033    -2.7761 0.0000e+00
    24.2484   0.000070     -0.036  27.634271    24.2484     0.0116     -0.036    -2.7548 0.0000e+00
    24.1887   0.000070     -0.033  27.634329    24.1887     0.0116     -0.033    -2.7400 0.0000e+00
    24.1784   0.000070     -0.033  27.634387    24.1784     0.0116     -0.033    -2.7374 0.0000e+00
    24.1697   0.000070     -0.035  27.634444    24.1697     0.0116     -0.035    -2.7352 0.0000e+00
    24.1748   0.000070     -0.036  27.634502    24.1748     0.0116     -0.036    -2.7365 0.0000e+00
    24.1606   0.000070     -0.033  27.634560    24.1606     0.0115     -0.033    -2.7330 0.0000e+00
    24.2106   0.000070     -0.036  27.634618    24.2106     0.0116     -0.036    -2.7454 0.0000e+00
    24.2038   0.000070     -0.036  27.634676    24.2038     0.0116     -0.036    -2.7437 0.0000e+00
    24.2616   0.000070     -0.036  27.634734    24.2616     0.0116     -0.036    -2.7581 0.0000e+00
    24.2328   0.000070     -0.035  27.634792    24.2328     0.0116     -0.035    -2.7509 0.0000e+00
    24.1944   0.000070     -0.035  27.634850    24.1944     0.0116     -0.035    -2.7414 0.0000e+00
    24.2285   0.000070     -0.036  27.634907    24.2285     0.0116     -0.036    -2.7498 0.0000e+00
    24.1588   0.000070     -0.036  27.634965    24.1588     0.0115     -0.036    -2.7325 0.0000e+00
    24.1624   0.000080     -0.038  27.635023    24.1624     0.0115     -0.038    -2.7334 0.0000e+00
    24.1660   0.000080     -0.036  27.635081    24.1660     0.0115     -0.036    -2.7343 0.0000e+00
    24.2519   0.000070     -0.036  27.635139    24.2519     0.0116     -0.036    -2.7557 0.0000e+00
    24.3911   0.000070     -0.036  27.635197    24.3911     0.0116     -0.036    -2.7904 0.0000e+00
    24.4161   0.000070     -0.038  27.635255    24.4161     0.0116     -0.038    -2.7967 0.0000e+00
    24.3790   0.000070     -0.036  27.635312    24.3790     0.0116     -0.036    -2.7874 0.0000e+00
    24.3653   0.000070     -0.033  27.635370    24.3653     0.0116     -0.033    -2.7840 0.0000e+00
    24.2912   0.000070     -0.035  27.635428    24.2912     0.0116     -0.035    -2.7655 0.0000e+00
    24.3553   0.000070     -0.036  27.635486    24.3553     0.0116     -0.036    -2.7815 0.0000e+00
    24.3120   0.000070     -0.035  27.635544    24.3120     0.0116     -0.035    -2.7706 0.0000e+00
    24.2972   0.000070     -0.035  27.635602    24.2972     0.0116     -0.035    -2.7670 0.0000e+00
    24.3856   0.000070     -0.036  27.635660    24.3856     0.0116     -0.036    -2.7890 0.0000e+00
    24.3828   0.000070     -0.036  27.635718    24.3828     0.0116     -0.036    -2.7883 0.0000e+00
    24.4258   0.000070     -0.036  27.635775    24.4258     0.0116     -0.036    -2.7991 0.0000e+00
    24.4410   0.000070     -0.036  27.635833    24.4410     0.0116     -0.036    -2.8029 0.0000e+00
    24.4658   0.000070     -0.036  27.635891    24.4658     0.0117     -0.036    -2.8091 0.0000e+00
    24.5334   0.000070     -0.038  27.635949    24.5334     0.0117     -0.038    -2.8261 0.0000e+00
    24.7223   0.000070     -0.038  27.636007    24.7223     0.0118     -0.038    -2.8738 0.0000e+00
    24.6591   0.000080     -0.038  27.636065    24.6591     0.0117     -0.038    -2.8578 0.0000e+00
    24.6053   0.000070     -0.038  27.636123    24.6053     0.0117     -0.038    -2.8442 0.0000e+00
    24.5916   0.000070     -0.042  27.636181    24.5916     0.0117     -0.042    -2.8408 0.0000e+00
    24.5393   0.000070     -0.038  27.636238    24.5393     0.0117     -0.038    -2.8276 0.0000e+00
    26.9373   3.738200      0.070  27.636296    26.9373    22.7002      0.070    13.5026 0.0000e+00
    26.9860   3.760010      0.014  27.636354    26.9860    22.8231      0.014    13.5798 0.0000e+00
    26.9587   3.788820      0.071  27.636412    26.9587    23.0303      0.071    13.7432 0.0000e+00
    26.9968   3.871820      0.517  27.636470    26.9967    23.5706      0.514    14.1362 0.0000e+00
    26.8936   4.443020      0.861  27.636528    26.8934    27.5261      0.855    17.1328 0.0000e+00
    26.4484   4.653240      1.287  27.636586    26.4481    29.2619      1.278    18.5737 0.0000e+00
    26.4379   4.667290      1.339  27.636644    26.4376    29.3673      1.330    18.6561 0.0000e+00
    26.4306   4.739140      1.159  27.636701    26.4303    29.8777      1.151    19.0420 0.0000e+00
    26.4299   4.755210      0.947  27.636759    26.4297    29.9914      0.941    19.1278 0.0000e+00
