data/raw/27-01-17/stations_27-01-2017.cnv
* Sea-Bird SBE37 Data File:
* FileName = C:\Documents and Settings\Usuário(a)\Desktop\CTD_LAGOA\stations_27-01-2017.asc
* Software Version 1.59
* Temperature SN = 2603
* Conductivity SN = 2603
* System UpLoad Time = Jan 27 2017 18:39:39
* ds
* SBE37-SM V 2.2  SERIAL NO. 2603    27 Jan 2017  18:12:28
# nquan = 5
# nvalues =     4741
# units = metric
# name 0 = t090: temperature, ITS-90 [deg C]
# name 1 = c0S/m: conductivity [S/m]
# name 2 = pr: pressure [db]
# name 3 = timeJ: time [julian days]
# name 4 = flag:  0.000e+00
# span 0 = 21.8595, 31.8219           
# span 1 = 0.00004, 5.38154           
# span 2 = -0.179, 7.837              
# span 3 = 25.591771, 27.758403       
# span 4 = 0.000e+00, 0.000e+00       
# interval = seconds: 5
# start_time = Jan 27 2017 13:29:35
# bad_flag = -9.990e-29
*END*
[from data line 4572]
    24.3778    0.00007     -0.042  27.748681  0.000e+00
    24.4935    0.00007     -0.035  27.748738  0.000e+00
    24.4572    0.00007     -0.031  27.748796  0.000e+00
    24.4473    0.00007     -0.013  27.748854  0.000e+00
    24.5351    0.00007     -0.049  27.748912  0.000e+00
    24.4895    0.00007     -0.036  27.748970  0.000e+00
    24.3839    0.00007     -0.036  27.749028  0.000e+00
    24.3260    0.00007     -0.029  27.749086  0.000e+00
    24.2784    0.00007     -0.044  27.749144  0.000e+00
    24.3176    0.00007     -0.038  27.749201  0.000e+00
    24.3326    0.00007     -0.035  27.749259  0.000e+00
    24.3895    0.00007     -0.036  27.749317  0.000e+00
    24.3651    0.00007     -0.042  27.749375  0.000e+00
    24.4211    0.00007     -0.031  27.749433  0.000e+00
    24.4580    0.00007     -0.035  27.749491  0.000e+00
    24.3635    0.00007     -0.038  27.749549  0.000e+00
    24.2425    0.00007     -0.029  27.749606  0.000e+00
    24.2761    0.00007     -0.038  27.749664  0.000e+00
    24.3017    0.00008     -0.033  27.749722  0.000e+00
    24.2828    0.00007     -0.042  27.749780  0.000e+00
    24.3237    0.00007     -0.044  27.749838  0.000e+00
    24.4702    0.00007     -0.040  27.749896  0.000e+00
    24.4422    0.00007     -0.044  27.749954  0.000e+00
    24.4300    0.00007     -0.031  27.750012  0.000e+00
    24.3575    0.00007     -0.040  27.750069  0.000e+00
    24.3734    0.00007     -0.047  27.750127  0.000e+00
    24.3994    0.00007     -0.036  27.750185  0.000e+00
    24.4188    0.00007     -0.036  27.750243  0.000e+00
    24.4564    0.00007     -0.044  27.750301  0.000e+00
    24.4895    0.00007     -0.033  27.750359  0.000e+00
    24.4588    0.00007     -0.042  27.750417  0.000e+00
    24.3477    0.00007     -0.042  27.750475  0.000e+00
    24.3109    0.00007     -0.038  27.750532  0.000e+00
    24.2869    0.00007     -0.042  27.750590  0.000e+00
    24.2655    0.00007     -0.033  27.750648  0.000e+00
    24.2762    0.00007     -0.031  27.750706  0.000e+00
    24.3297    0.00007     -0.049  27.750764  0.000e+00
    24.3522    0.00007     -0.042  27.750822  0.000e+00
    24.4213    0.00007     -0.042  27.750880  0.000e+00
    24.4753    0.00007     -0.035  27.750937  0.000e+00
    24.3889    0.00007     -0.031  27.750995  0.000e+00
    24.3595    0.00007     -0.035  27.751053  0.000e+00
    24.3432    0.00007     -0.036  27.751111  0.000e+00
    24.3590    0.00007     -0.035  27.751169  0.000e+00
    24.3820    0.00007     -0.038  27.751227  0.000e+00
    24.3960    0.00007     -0.033  27.751285  0.000e+00
    24.4823    0.00007     -0.038  27.751343  0.000e+00
    24.4655    0.00007     -0.038  27.751400  0.000e+00
    24.4709    0.00007     -0.036  27.751458  0.000e+00
    24.4849    0.00007     -0.036  27.751516  0.000e+00
    24.4945    0.00006     -0.036  27.751574  0.000e+00
    24.4918    0.00007     -0.031  27.751632  0.000e+00
    24.4203    0.00007     -0.040  27.751690  0.000e+00
    24.2645    0.00007     -0.033  27.751748  0.000e+00
    24.2863    0.00007     -0.040  27.751806  0.000e+00
    24.1948    0.00007     -0.040  27.751863  0.000e+00
    24.1688    0.00007     -0.038  27.751921  0.000e+00
    24.2927    0.00007     -0.038  27.751979  0.000e+00
    24.2997    0.00007     -0.040  27.752037  0.000e+00
    24.2899    0.00006     -0.027  27.752095  0.000e+00
    24.3561    0.00006     -0.040  27.752153  0.000e+00
    24.3950    0.00007     -0.035  27.752211  0.000e+00
    24.2418    0.00007     -0.035  27.752269  0.000e+00
    24.2603    0.00007     -0.040  27.752326  0.000e+00
    24.3513    0.00006     -0.038  27.752384  0.000e+00
    24.3431    0.00007     -0.035  27.752442  0.000e+00
    24.2365    0.00006     -0.036  27.752500  0.000e+00
    24.2240    0.00006     -0.033  27.752558  0.000e+00
    24.3203    0.00006     -0.040  27.752616  0.000e+00
    24.2625    0.00007     -0.040  27.752674  0.000e+00
    24.3228    0.00007     -0.033  27.752731  0.000e+00
    24.3287    0.00007     -0.040  27.752789  0.000e+00
    24.3453    0.00007     -0.042  27.752847  0.000e+00
    24.3661    0.00007     -0.042  27.752905  0.000e+00
    24.3891    0.00007     -0.040  27.752963  0.000e+00
    24.4071    0.00007     -0.042  27.753021  0.000e+00
    24.4424    0.00007     -0.042  27.753079  0.000e+00
    24.5259    0.00007     -0.042  27.753137  0.000e+00
    24.5851    0.00007     -0.042  27.753194  0.000e+00
    24.6583    0.00007     -0.042  27.753252  0.000e+00
    24.6761    0.00007     -0.042  27.753310  0.000e+00
    24.6586    0.00007     -0.042  27.753368  0.000e+00
    24.6674    0.00007     -0.042  27.753426  0.000e+00
    24.6651    0.00007     -0.042  27.753484  0.000e+00
    24.6720    0.00007     -0.042  27.753542  0.000e+00
    24.6058    0.00007     -0.042  27.753600  0.000e+00
    24.5993    0.00007     -0.042  27.753657  0.000e+00
    24.6219    0.00007     -0.042  27.753715  0.000e+00
    24.6274    0.00007     -0.042  27.753773  0.000e+00
    24.7423    0.00007     -0.042  27.753831  0.000e+00
    24.7749    0.00007     -0.042  27.753889  0.000e+00
    24.7680    0.00007     -0.042  27.753947  0.000e+00
    24.7852    0.00007     -0.042  27.754005  0.000e+00
    24.7840    0.00007     -0.042  27.754063  0.000e+00
    24.7885    0.00007     -0.042  27.754120  0.000e+00
    24.7524    0.00007     -0.042  27.754178  0.000e+00
    24.7239    0.00007     -0.042  27.754236  0.000e+00
    24.7043    0.00007     -0.042  27.754294  0.000e+00
    24.6592    0.00007     -0.042  27.754352  0.000e+00
    24.6546    0.00007     -0.042  27.754410  0.000e+00
    24.5539    0.00007     -0.042  27.754468  0.000e+00
    24.5312    0.00008     -0.042  27.754525  0.000e+00
    24.5390    0.00007     -0.042  27.754583  0.000e+00
    24.5234    0.00008     -0.042  27.754641  0.000e+00
    24.5646    0.00007     -0.042  27.754699  0.000e+00
    24.6069    0.00007     -0.042  27.754757  0.000e+00
    24.6510    0.00007     -0.042  27.754815  0.000e+00
    24.5689    0.00007     -0.042  27.754873  0.000e+00
    24.6252    0.00007     -0.029  27.754931  0.000e+00
    24.6406    0.00007     -0.036  27.754988  0.000e+00
    24.6070    0.00007     -0.047  27.755046  0.000e+00
    24.5846    0.00008     -0.040  27.755104  0.000e+00
    24.5851    0.00008     -0.036  27.755162  0.000e+00
    24.5331    0.00007     -0.036  27.755220  0.000e+00
    24.4744    0.00007     -0.040  27.755278  0.000e+00
    24.4485    0.00007     -0.045  27.755336  0.000e+00
    24.4063    0.00008     -0.038  27.755394  0.000e+00
    24.3888    0.00008     -0.045  27.755451  0.000e+00
    24.3872    0.00008     -0.065  27.755509  0.000e+00
    24.3894    0.00008     -0.065  27.755567  0.000e+00
    24.3961    0.00008     -0.065  27.755625  0.000e+00
    24.4001    0.00008     -0.065  27.755683  0.000e+00
    24.4063    0.00008     -0.065  27.755741  0.000e+00
    24.4143    0.00008     -0.065  27.755799  0.000e+00
    24.4200    0.00008     -0.065  27.755856  0.000e+00
    24.4221    0.00008     -0.065  27.755914  0.000e+00
    24.4273    0.00008     -0.065  27.755972  0.000e+00
    24.4319    0.00008     -0.065  27.756030  0.000e+00
    24.4268    0.00008     -0.065  27.756088  0.000e+00
    24.4290    0.00008     -0.065  27.756146  0.000e+00
    24.4285    0.00008     -0.065  27.756204  0.000e+00
    24.4318    0.00008     -0.065  27.756262  0.000e+00
    24.4310    0.00008     -0.065  27.756319  0.000e+00
    24.4378    0.00008     -0.065  27.756377  0.000e+00
    24.4520    0.00008     -0.065  27.756435  0.000e+00
    24.4553    0.00008     -0.065  27.756493  0.000e+00
    24.4545    0.00008     -0.065  27.756551  0.000e+00
    24.4587    0.00008     -0.065  27.756609  0.000e+00
    24.4623    0.00008     -0.065  27.756667  0.000e+00
    24.4659    0.00008     -0.065  27.756725  0.000e+00
    24.4728    0.00008     -0.065  27.756782  0.000e+00
    24.4735    0.00008     -0.065  27.756840  0.000e+00
    24.4756    0.00008     -0.063  27.756898  0.000e+00
    24.4705    0.00008     -0.065  27.756956  0.000e+00
    24.4813    0.00008     -0.063  27.757014  0.000e+00
    24.4854    0.00008     -0.065  27.757072  0.000e+00
    24.4860    0.00008     -0.065  27.757130  0.000e+00
    24.4932    0.00008     -0.065  27.757187  0.000e+00
    24.4981    0.00008     -0.065  27.757245  0.000e+00
    24.5019    0.00008     -0.065  27.757303  0.000e+00
    24.5020    0.00008     -0.063  27.757361  0.000e+00
    24.5065    0.00008     -0.065  27.757419  0.000e+00
    24.5122    0.00008     -0.065  27.757477  0.000e+00
    24.5062    0.00008     -0.065  27.757535  0.000e+00
    24.5036    0.00008     -0.065  27.757593  0.000e+00
    24.5057    0.00008     -0.065  27.757650  0.000e+00
    24.5077    0.00008     -0.065  27.757708  0.000e+00
    24.5122    0.00008     -0.065  27.757766  0.000e+00
    24.5152    0.00008     -0.063  27.757824  0.000e+00
    24.5170    0.00008     -0.063  27.757882  0.000e+00
    24.5148    0.00008     -0.063  27.757940  0.000e+00
    24.5204    0.00008     -0.063  27.757998  0.000e+00
    24.5225    0.00008     -0.065  27.758056  0.000e+00
    24.5209    0.00008     -0.063  27.758113  0.000e+00
    24.5286    0.00008     -0.063  27.758171  0.000e+00
    24.5413    0.00008     -0.063  27.758229  0.000e+00
    24.5448    0.00008     -0.063  27.758287  0.000e+00
    24.5418    0.00008     -0.063  27.758345  0.000e+00
    24.5326    0.00008     -0.063  27.758403  0.000e+00
