data/raw/27-01-17/stations_27-01-2017_processed.cnv
* Sea-Bird SBE37 Data File:
* FileName = C:\Documents and Settings\Usuário(a)\Desktop\CTD_LAGOA\stations_27-01-2017.asc
* Software Version 1.59
* Temperature SN = 2603
* Conductivity SN = 2603
* System UpLoad Time = Jan 27 2017 18:39:39
* ds
* SBE37-SM V 2.2  SERIAL NO. 2603    27 Jan 2017  18:12:28
# nquan = 9                                 
# nvalues = 4741                        
# units = metric
# name 0 = t090: temperature, ITS-90 [deg C]
# name 1 = c0S/m: conductivity [S/m]
# name 2 = pr: pressure [db]
# name 3 = timeJ: time [julian days]
# name 4 = potemp090C: Potential Temperature [ITS-90, deg C]
# name 5 = sal00: Salinity, Practical [PSU]
# name 6 = depSM: Depth [salt water, m], lat = 28.48
# name 7 = sigma-t00: Density [sigma-t, kg/m^3 ]
# name 8 = flag: flag
# span 0 =    21.8595,    31.8219       
# span 1 =   0.000040,   5.381540       
# span 2 =     -0.179,      7.837       
# span 3 =  25.591771,  27.758403       
# span 4 =    21.8595,    31.8219       
# span 5 =     0.0107,    34.7609       
# span 6 =     -0.178,      7.784       
# span 7 =    -4.9050,    22.8494       
# span 8 = 0.0000e+00, 0.0000e+00       
# interval = seconds: 5
# start_time = Jan 27 2017 13:29:35
# bad_flag = -9.990e-29
*END*
[from data line 2721]
    24.4174   0.015070     -0.027  27.609097    24.4174     0.0754     -0.027    -2.7486 0.0000e+00
    24.4431   0.000070     -0.027  27.609155    24.4431     0.0117     -0.027    -2.8034 0.0000e+00
    24.7052   0.000060     -0.027  27.609213    24.7052     0.0118     -0.027    -2.8695 0.0000e+00
    24.5280   0.000070     -0.027  27.609271    24.5280     0.0117     -0.027    -2.8248 0.0000e+00
    24.2254   0.000070     -0.027  27.609329    24.2254     0.0116     -0.027    -2.7491 0.0000e+00
    23.9071   0.000070     -0.026  27.609387    23.9071     0.0115     -0.026    -2.6704 0.0000e+00
    23.8227   0.000070     -0.027  27.609444    23.8227     0.0114     -0.027    -2.6497 0.0000e+00
    23.7676   0.000080     -0.026  27.609502    23.7676     0.0114     -0.026    -2.6363 0.0000e+00
    23.5843   0.000080     -0.026  27.609560    23.5843     0.0113     -0.026    -2.5916 0.0000e+00
    23.4111   0.000080     -0.027  27.609618    23.4111     0.0113     -0.027    -2.5498 0.0000e+00
    23.3528   0.000080     -0.026  27.609676    23.3528     0.0112     -0.026    -2.5358 0.0000e+00
    23.4628   0.000080     -0.027  27.609734    23.4628     0.0113     -0.027    -2.5623 0.0000e+00
    23.6042   0.000080     -0.027  27.609792    23.6042     0.0113     -0.027    -2.5965 0.0000e+00
    23.7462   0.000080     -0.029  27.609850    23.7462     0.0114     -0.029    -2.6310 0.0000e+00
    23.8682   0.000070     -0.029  27.609907    23.8682     0.0114     -0.029    -2.6609 0.0000e+00
    24.0326   0.000070     -0.031  27.609965    24.0326     0.0115     -0.031    -2.7013 0.0000e+00
    24.1882   0.000070     -0.031  27.610023    24.1882     0.0116     -0.031    -2.7398 0.0000e+00
    24.2821   0.000070     -0.031  27.610081    24.2821     0.0116     -0.031    -2.7632 0.0000e+00
    24.4401   0.000080     -0.031  27.610139    24.4401     0.0116     -0.031    -2.8027 0.0000e+00
    24.4388   0.000070     -0.029  27.610197    24.4388     0.0116     -0.029    -2.8024 0.0000e+00
    24.4424   0.000070     -0.033  27.610255    24.4424     0.0117     -0.033    -2.8033 0.0000e+00
    24.4823   0.000070     -0.031  27.610312    24.4823     0.0117     -0.031    -2.8133 0.0000e+00
    24.4705   0.000080     -0.027  27.610370    24.4705     0.0117     -0.027    -2.8103 0.0000e+00
    24.4468   0.000060     -0.027  27.610428    24.4468     0.0117     -0.027    -2.8044 0.0000e+00
    24.4932   0.000080     -0.027  27.610486    24.4932     0.0117     -0.027    -2.8160 0.0000e+00
    24.5486   0.000080     -0.031  27.610544    24.5486     0.0117     -0.031    -2.8300 0.0000e+00
    24.6303   0.000080     -0.031  27.610602    24.6303     0.0117     -0.031    -2.8506 0.0000e+00
    24.6136   0.000080     -0.027  27.610660    24.6136     0.0117     -0.027    -2.8463 0.0000e+00
    24.5787   0.000080     -0.031  27.610718    24.5787     0.0117     -0.031    -2.8375 0.0000e+00
    24.5552   0.000080     -0.033  27.610775    24.5552     0.0117     -0.033    -2.8316 0.0000e+00
    24.5121   0.000080     -0.031  27.610833    24.5121     0.0117     -0.031    -2.8208 0.0000e+00
    24.5762   0.000080     -0.024  27.610891    24.5762     0.0117     -0.024    -2.8369 0.0000e+00
    24.7687   0.000080     -0.031  27.610949    24.7687     0.0118     -0.031    -2.8856 0.0000e+00
    24.9927   0.000080     -0.031  27.611007    24.9927     0.0118     -0.031    -2.9427 0.0000e+00
    25.1401   0.000080     -0.031  27.611065    25.1401     0.0119     -0.031    -2.9806 0.0000e+00
    25.2782   0.000080     -0.031  27.611123    25.2782     0.0119     -0.031    -3.0162 0.0000e+00
    25.4451   0.000080     -0.031  27.611181    25.4451     0.0120     -0.031    -3.0595 0.0000e+00
    25.1976   0.000080     -0.031  27.611238    25.1976     0.0119     -0.031    -2.9954 0.0000e+00
    26.8651   2.483420     -0.022  27.611296    26.8651    14.4972     -0.022     7.3916 0.0000e+00
    26.8765   2.661130      0.115  27.611354    26.8765    15.6333      0.114     8.2368 0.0000e+00
    26.8851   2.652200      0.152  27.611412    26.8851    15.5729      0.151     8.1892 0.0000e+00
    26.8886   2.650820      0.519  27.611470    26.8885    15.5628      0.516     8.1806 0.0000e+00
    26.7563   2.650540      1.057  27.611528    26.7561    15.6049      1.050     8.2509 0.0000e+00
    25.9077   2.776970      1.318  27.611586    25.9074    16.7250      1.309     9.3348 0.0000e+00
    25.8269   2.763010      1.654  27.611644    25.8266    16.6618      1.643     9.3107 0.0000e+00
    25.8000   3.172100      1.677  27.611701    25.7996    19.4044      1.666    11.3722 0.0000e+00
    25.8118   3.871090      1.501  27.611759    25.8115    24.1748      1.491    14.9456 0.0000e+00
    25.8090   4.314320      1.456  27.611817    25.8087    27.2708      1.446    17.2718 0.0000e+00
    25.8931   4.293290      1.053  27.611875    25.8929    27.0734      1.046    17.0981 0.0000e+00
    26.8347   3.395370      0.512  27.611933    26.8346    20.4553      0.509    11.8536 0.0000e+00
    26.8880   3.015720      0.176  27.611991    26.8880    17.9302      0.175     9.9496 0.0000e+00
    25.2723   0.043190     -0.033  27.612049    25.2723     0.2074     -0.033    -2.8668 0.0000e+00
    24.4829   0.000060     -0.031  27.612106    24.4829     0.0117     -0.031    -2.8134 0.0000e+00
    24.3989   0.000070     -0.033  27.612164    24.3989     0.0116     -0.033    -2.7924 0.0000e+00
    24.2659   0.000080     -0.033  27.612222    24.2659     0.0116     -0.033    -2.7592 0.0000e+00
    24.1031   0.000080     -0.035  27.612280    24.1031     0.0115     -0.035    -2.7187 0.0000e+00
    24.2699   0.000080     -0.036  27.612338    24.2699     0.0116     -0.036    -2.7602 0.0000e+00
    24.4665   0.000080     -0.038  27.612396    24.4665     0.0117     -0.038    -2.8093 0.0000e+00
    24.6955   0.000080     -0.040  27.612454    24.6955     0.0117     -0.040    -2.8670 0.0000e+00
    24.8256   0.000080     -0.038  27.612512    24.8256     0.0118     -0.038    -2.9001 0.0000e+00
    24.7947   0.000080     -0.036  27.612569    24.7947     0.0118     -0.036    -2.8922 0.0000e+00
    24.7089   0.000080     -0.038  27.612627    24.7089     0.0117     -0.038    -2.8704 0.0000e+00
    24.6761   0.000080     -0.036  27.612685    24.6761     0.0117     -0.036    -2.8621 0.0000e+00
    24.6892   0.000080     -0.038  27.612743    24.6892     0.0117     -0.038    -2.8655 0.0000e+00
    24.7122   0.000080     -0.036  27.612801    24.7122     0.0117     -0.036    -2.8713 0.0000e+00
    24.7152   0.000080     -0.038  27.612859    24.7152     0.0117     -0.038    -2.8720 0.0000e+00
    24.7429   0.000080     -0.042  27.612917    24.7429     0.0118     -0.042    -2.8791 0.0000e+00
    24.7897   0.000080     -0.040  27.612975    24.7897     0.0118     -0.040    -2.8909 0.0000e+00
    24.8723   0.000080     -0.040  27.613032    24.8723     0.0118     -0.040    -2.9120 0.0000e+00
    24.9373   0.000080     -0.038  27.613090    24.9373     0.0118     -0.038    -2.9286 0.0000e+00
    24.9420   0.000080     -0.038  27.613148    24.9420     0.0118     -0.038    -2.9298 0.0000e+00
    24.9715   0.000080     -0.042  27.613206    24.9715     0.0118     -0.042    -2.9373 0.0000e+00
    24.9996   0.000080     -0.040  27.613264    24.9996     0.0118     -0.040    -2.9445 0.0000e+00
    25.0007   0.000080     -0.042  27.613322    25.0007     0.0118     -0.042    -2.9448 0.0000e+00
    24.9922   0.000080     -0.042  27.613380    24.9922     0.0118     -0.042    -2.9426 0.0000e+00
    25.0071   0.000080     -0.042  27.613438    25.0071     0.0118     -0.042    -2.9464 0.0000e+00
    25.0428   0.000080     -0.044  27.613495    25.0428     0.0119     -0.044    -2.9556 0.0000e+00
    25.0681   0.000080     -0.040  27.613553    25.0681     0.0119     -0.040    -2.9621 0.0000e+00
    25.0968   0.000080     -0.044  27.613611    25.0968     0.0119     -0.044    -2.9694 0.0000e+00
    25.1047   0.000080     -0.045  27.613669    25.1047     0.0119     -0.045    -2.9715 0.0000e+00
    25.1042   0.000080     -0.042  27.613727    25.1042     0.0119     -0.042    -2.9713 0.0000e+00
    24.9998   0.000090     -0.044  27.613785    24.9998     0.0118     -0.044    -2.9445 0.0000e+00
    24.9191   0.000090     -0.042  27.613843    24.9191     0.0118     -0.042    -2.9239 0.0000e+00
    24.9048   0.000080     -0.042  27.613900    24.9048     0.0118     -0.042    -2.9203 0.0000e+00
    24.9108   0.000080     -0.044  27.613958    24.9108     0.0118     -0.044    -2.9218 0.0000e+00
    24.9362   0.000090     -0.042  27.614016    24.9362     0.0118     -0.042    -2.9283 0.0000e+00
    24.9414   0.000080     -0.040  27.614074    24.9414     0.0118     -0.040    -2.9296 0.0000e+00
    24.9218   0.000080     -0.040  27.614132    24.9218     0.0118     -0.040    -2.9246 0.0000e+00
    24.9306   0.000080     -0.040  27.614190    24.9306     0.0118     -0.040    -2.9268 0.0000e+00
    25.0949   0.000080     -0.044  27.614248    25.0949     0.0119     -0.044    -2.9689 0.0000e+00
    25.2408   0.000090     -0.042  27.614306    25.2408     0.0119     -0.042    -3.0065 0.0000e+00
    25.2527   0.000080     -0.044  27.614363    25.2527     0.0119     -0.044    -3.0096 0.0000e+00
    25.2467   0.000080     -0.044  27.614421    25.2467     0.0119     -0.044    -3.0081 0.0000e+00
    25.3351   0.000080     -0.042  27.614479    25.3351     0.0120     -0.042    -3.0310 0.0000e+00
    25.4542   0.000090     -0.044  27.614537    25.4542     0.0120     -0.044    -3.0619 0.0000e+00
    25.5958   0.000080     -0.045  27.614595    25.5958     0.0121     -0.045    -3.0989 0.0000e+00
    25.6575   0.000080     -0.044  27.614653    25.6575     0.0121     -0.044    -3.1150 0.0000e+00
    25.7132   0.000080     -0.044  27.614711    25.7132     0.0121     -0.044    -3.1297 0.0000e+00
    25.7967   0.000080     -0.045  27.614769    25.7967     0.0121     -0.045    -3.1517 0.0000e+00
    25.8367   0.000080     -0.044  27.614826    25.8367     0.0121     -0.044    -3.1622 0.0000e+00
    25.7946   0.000080     -0.045  27.614884    25.7946     0.0121     -0.045    -3.1511 0.0000e+00
    25.7977   0.000080     -0.042  27.614942    25.7977     0.0121     -0.042    -3.1519 0.0000e+00
    25.8092   0.000080     -0.044  27.615000    25.8092     0.0121     -0.044    -3.1549 0.0000e+00
    25.7675   0.000080     -0.045  27.615058    25.7675     0.0121     -0.045    -3.1440 0.0000e+00
    25.7166   0.000080     -0.044  27.615116    25.7166     0.0121     -0.044    -3.1306 0.0000e+00
    25.7671   0.000080     -0.042  27.615174    25.7671     0.0121     -0.042    -3.1439 0.0000e+00
    25.7990   0.000080     -0.044  27.615231    25.7990     0.0121     -0.044    -3.1523 0.0000e+00
    25.7757   0.000080     -0.047  27.615289    25.7757     0.0121     -0.047    -3.1461 0.0000e+00
    25.7885   0.000080     -0.044  27.615347    25.7885     0.0121     -0.044    -3.1495 0.0000e+00
    25.7774   0.000070     -0.042  27.615405    25.7774     0.0121     -0.042    -3.1466 0.0000e+00
    25.6718   0.000090     -0.044  27.615463    25.6718     0.0121     -0.044    -3.1188 0.0000e+00
    25.5437   0.000090     -0.044  27.615521    25.5437     0.0120     -0.044    -3.0853 0.0000e+00
    25.5397   0.000090     -0.045  27.615579    25.5397     0.0120     -0.045    -3.0842 0.0000e+00
    25.5681   0.000080     -0.047  27.615637    25.5681     0.0120     -0.047    -3.0916 0.0000e+00
    25.6404   0.000080     -0.044  27.615694    25.6404     0.0121     -0.044    -3.1106 0.0000e+00
    25.5765   0.000090     -0.044  27.615752    25.5765     0.0120     -0.044    -3.0938 0.0000e+00
    25.5361   0.000080     -0.047  27.615810    25.5361     0.0120     -0.047    -3.0833 0.0000e+00
    25.6220   0.000080     -0.036  27.615868    25.6220     0.0121     -0.036    -3.1057 0.0000e+00
    25.7066   0.000090     -0.040  27.615926    25.7066     0.0121     -0.040    -3.1279 0.0000e+00
    25.8880   0.000090     -0.038  27.615984    25.8880     0.0122     -0.038    -3.1758 0.0000e+00
    26.0802   0.000090     -0.040  27.616042    26.0802     0.0122     -0.040    -3.2268 0.0000e+00
    26.2833   0.000080     -0.042  27.616100    26.2833     0.0123     -0.042    -3.2811 0.0000e+00
    26.4608   0.000080     -0.040  27.616157    26.4608     0.0124     -0.040    -3.3288 0.0000e+00
    26.6720   0.000080     -0.040  27.616215    26.6720     0.0124     -0.040    -3.3860 0.0000e+00
    26.8028   0.000080     -0.042  27.616273    26.8028     0.0125     -0.042    -3.4216 0.0000e+00
    26.8578   0.000080     -0.038  27.616331    26.8578     0.0125     -0.038    -3.4367 0.0000e+00
    26.9358   0.000080     -0.040  27.616389    26.9358     0.0125     -0.040    -3.4580 0.0000e+00
    26.8922   0.000090     -0.038  27.616447    26.8922     0.0125     -0.038    -3.4461 0.0000e+00
    26.8910   0.000080     -0.038  27.616505    26.8910     0.0125     -0.038    -3.4458 0.0000e+00
    26.7834   0.000090     -0.038  27.616562    26.7834     0.0125     -0.038    -3.4164 0.0000e+00
    26.8275   0.000080     -0.036  27.616620    26.8275     0.0125     -0.036    -3.4284 0.0000e+00
    26.7783   0.000070     -0.040  27.616678    26.7783     0.0125     -0.040    -3.4150 0.0000e+00
    26.6247   3.224730     -0.011  27.616736    26.6247    19.4118     -0.011    11.1356 0.0000e+00
    26.6593   4.255990      0.030  27.616794    26.6593    26.3715      0.030    16.3387 0.0000e+00
    26.6593   4.261590      0.100  27.616852    26.6593    26.4101      0.099    16.3676 0.0000e+00
    26.6684   4.258610     -0.009  27.616910    26.6684    26.3844     -0.009    16.3456 0.0000e+00
    26.6541   4.258790      0.226  27.616968    26.6541    26.3937      0.224    16.3569 0.0000e+00
    26.6592   4.267370      0.677  27.617025    26.6591    26.4499      0.672    16.3975 0.0000e+00
    26.5881   4.272760      1.228  27.617083    26.5878    26.5275      1.220    16.4774 0.0000e+00
    26.4820   4.303440      1.084  27.617141    26.4818    26.8008      1.077    16.7149 0.0000e+00
    26.6494   4.272880      0.811  27.617199    26.6492    26.4935      0.806    16.4332 0.0000e+00
    26.6440   4.270360      0.618  27.617257    26.6439    26.4792      0.614    16.4241 0.0000e+00
    26.6532   4.271500      0.276  27.617315    26.6531    26.4819      0.274    16.4233 0.0000e+00
    25.7542   0.455030     -0.038  27.617373    25.7542     2.3850     -0.038    -1.3541 0.0000e+00
    24.0004   0.007550     -0.035  27.617431    24.0004     0.0413     -0.035    -2.6707 0.0000e+00
    23.6432   0.000070     -0.033  27.617488    23.6432     0.0114     -0.033    -2.6059 0.0000e+00
    23.2972   0.000070     -0.035  27.617546    23.2972     0.0112     -0.035    -2.5224 0.0000e+00
    22.8148   0.000070     -0.033  27.617604    22.8148     0.0110     -0.033    -2.4080 0.0000e+00
    22.5782   0.000070     -0.031  27.617662    22.5782     0.0110     -0.031    -2.3527 0.0000e+00
    22.5664   0.000070     -0.031  27.617720    22.5664     0.0110     -0.031    -2.3500 0.0000e+00
    22.6770   0.000070     -0.031  27.617778    22.6770     0.0110     -0.031    -2.3757 0.0000e+00
    22.8019   0.000070     -0.031  27.617836    22.8019     0.0110     -0.031    -2.4050 0.0000e+00
    22.8399   0.000070     -0.031  27.617894    22.8399     0.0111     -0.031    -2.4139 0.0000e+00
    22.7528   0.000070     -0.031  27.617951    22.7528     0.0110     -0.031    -2.3935 0.0000e+00
    22.4002   0.000080     -0.029  27.618009    22.4002     0.0109     -0.029    -2.3115 0.0000e+00
    22.1367   0.000080     -0.029  27.618067    22.1367     0.0108     -0.029    -2.2510 0.0000e+00
    21.8595   0.000080     -0.029  27.618125    21.8595     0.0107     -0.029    -2.1882 0.0000e+00
    22.0001   0.000080     -0.029  27.618183    22.0001     0.0107     -0.029    -2.2200 0.0000e+00
    22.0540   0.000080     -0.029  27.618241    22.0540     0.0108     -0.029    -2.2322 0.0000e+00
