data/raw/27-01-17/stations_27-01-2017_processed.cnv
* Sea-Bird SBE37 Data File:
* FileName = C:\Documents and Settings\Usuário(a)\Desktop\CTD_LAGOA\stations_27-01-2017.asc
* Software Version 1.59
* Temperature SN = 2603
* Conductivity SN = 2603
* System UpLoad Time = Jan 27 2017 18:39:39
* ds
* SBE37-SM V 2.2  SERIAL NO. 2603    27 Jan 2017  18:12:28
# nquan = 9                                 
# nvalues = 4741                        
# units = metric
# name 0 = t090: temperature, ITS-90 [deg C]
# name 1 = c0S/m: conductivity [S/m]
# name 2 = pr: pressure [db]
# name 3 = timeJ: time [julian days]
# name 4 = potemp090C: Potential Temperature [ITS-90, deg C]
# name 5 = sal00: Salinity, Practical [PSU]
# name 6 = depSM: Depth [salt water, m], lat = 28.48
# name 7 = sigma-t00: Density [sigma-t, kg/m^3 ]
# name 8 = flag: flag
# span 0 =    21.8595,    31.8219       
# span 1 =   0.000040,   5.381540       
# span 2 =     -0.179,      7.837       
# span 3 =  25.591771,  27.758403       
# span 4 =    21.8595,    31.8219       
# span 5 =     0.0107,    34.7609       
# span 6 =     -0.178,      7.784       
# span 7 =    -4.9050,    22.8494       
# span 8 = 0.0000e+00, 0.0000e+00       
# interval = seconds: 5
# start_time = Jan 27 2017 13:29:35
# bad_flag = -9.990e-29
*END*
[from data line 2561]
    23.6909   0.000070     -0.036  27.599838    23.6909     0.0114     -0.036    -2.6175 0.0000e+00
    23.2308   0.000080     -0.036  27.599896    23.2308     0.0112     -0.036    -2.5066 0.0000e+00
    23.1407   0.000080     -0.036  27.599954    23.1407     0.0112     -0.036    -2.4851 0.0000e+00
    23.0858   0.000080     -0.035  27.600012    23.0858     0.0111     -0.035    -2.4720 0.0000e+00
    23.0177   0.000080     -0.035  27.600069    23.0177     0.0111     -0.035    -2.4559 0.0000e+00
    22.9211   0.000080     -0.035  27.600127    22.9211     0.0111     -0.035    -2.4330 0.0000e+00
    22.8968   0.000080     -0.035  27.600185    22.8968     0.0111     -0.035    -2.4273 0.0000e+00
    22.8678   0.000080     -0.035  27.600243    22.8678     0.0111     -0.035    -2.4205 0.0000e+00
    22.8048   0.000080     -0.035  27.600301    22.8048     0.0110     -0.035    -2.4057 0.0000e+00
    22.7303   0.000090     -0.035  27.600359    22.7303     0.0110     -0.035    -2.3882 0.0000e+00
    22.7128   0.000090     -0.035  27.600417    22.7128     0.0110     -0.035    -2.3841 0.0000e+00
    22.7014   0.000080     -0.033  27.600475    22.7014     0.0110     -0.033    -2.3814 0.0000e+00
    22.7358   0.000080     -0.035  27.600532    22.7358     0.0110     -0.035    -2.3895 0.0000e+00
    22.6520   0.000080     -0.035  27.600590    22.6520     0.0110     -0.035    -2.3699 0.0000e+00
    22.6221   0.000090     -0.035  27.600648    22.6221     0.0110     -0.035    -2.3629 0.0000e+00
    22.5356   0.000080     -0.036  27.600706    22.5356     0.0109     -0.036    -2.3428 0.0000e+00
    22.6148   0.000090     -0.035  27.600764    22.6148     0.0110     -0.035    -2.3612 0.0000e+00
    22.6217   0.000090     -0.035  27.600822    22.6217     0.0110     -0.035    -2.3628 0.0000e+00
    22.7706   0.000080     -0.035  27.600880    22.7706     0.0110     -0.035    -2.3976 0.0000e+00
    22.8748   0.000080     -0.035  27.600937    22.8748     0.0111     -0.035    -2.4221 0.0000e+00
    22.8410   0.000080     -0.035  27.600995    22.8410     0.0111     -0.035    -2.4142 0.0000e+00
    22.8349   0.000080     -0.027  27.601053    22.8349     0.0111     -0.027    -2.4127 0.0000e+00
    26.8451   2.343450      0.021  27.601111    26.8451    13.6118      0.021     6.7364 0.0000e+00
    26.8485   2.378690      0.125  27.601169    26.8485    13.8347      0.124     6.9018 0.0000e+00
    26.8400   2.402120      0.424  27.601227    26.8399    13.9862      0.421     7.0174 0.0000e+00
    26.7855   2.429420      0.591  27.601285    26.7854    14.1766      0.587     7.1755 0.0000e+00
    26.8412   2.449420      1.041  27.601343    26.8410    14.2873      1.034     7.2419 0.0000e+00
    26.8515   2.497380      1.382  27.601400    26.8512    14.5904      1.373     7.4652 0.0000e+00
    26.2489   3.161600      1.641  27.601458    26.2486    19.1471      1.630    11.0485 0.0000e+00
    25.6494   4.406870      1.805  27.601516    25.6490    28.0206      1.793    17.8834 0.0000e+00
    25.5919   4.558400      1.870  27.601574    25.5915    29.1339      1.857    18.7383 0.0000e+00
    25.5916   4.546810      1.904  27.601632    25.5912    29.0514      1.891    18.6763 0.0000e+00
    25.5836   4.616790      1.841  27.601690    25.5832    29.5563      1.829    19.0587 0.0000e+00
    25.6034   4.601940      1.568  27.601748    25.6031    29.4375      1.558    18.9633 0.0000e+00
    26.3556   4.565760      1.447  27.601806    26.3553    28.7059      1.437    18.1844 0.0000e+00
    25.8362   4.360770      1.325  27.601863    25.8359    27.5817      1.316    17.4973 0.0000e+00
    26.8477   3.292510      0.967  27.601921    26.8475    19.7673      0.961    11.3351 0.0000e+00
    26.8622   2.702210      0.469  27.601979    26.8621    15.9028      0.466     8.4424 0.0000e+00
    26.8330   2.096720     -0.035  27.602037    26.8330    12.0585     -0.035     5.5801 0.0000e+00
    24.5926   0.015690     -0.027  27.602095    24.5926     0.0781     -0.027    -2.7907 0.0000e+00
    24.1942   0.000060     -0.026  27.602153    24.1942     0.0116     -0.026    -2.7413 0.0000e+00
    23.7073   0.000060     -0.026  27.602211    23.7073     0.0114     -0.026    -2.6215 0.0000e+00
    23.4742   0.000060     -0.024  27.602269    23.4742     0.0113     -0.024    -2.5650 0.0000e+00
    23.4033   0.000070     -0.024  27.602326    23.4033     0.0113     -0.024    -2.5479 0.0000e+00
    23.3568   0.000060     -0.024  27.602384    23.3568     0.0113     -0.024    -2.5367 0.0000e+00
    23.3407   0.000070     -0.024  27.602442    23.3407     0.0112     -0.024    -2.5329 0.0000e+00
    23.2743   0.000070     -0.024  27.602500    23.2743     0.0112     -0.024    -2.5170 0.0000e+00
    23.2547   0.000070     -0.024  27.602558    23.2547     0.0112     -0.024    -2.5123 0.0000e+00
    23.2677   0.000070     -0.024  27.602616    23.2677     0.0112     -0.024    -2.5154 0.0000e+00
    23.3892   0.000070     -0.024  27.602674    23.3892     0.0113     -0.024    -2.5445 0.0000e+00
    23.5323   0.000070     -0.024  27.602731    23.5323     0.0113     -0.024    -2.5791 0.0000e+00
    23.7236   0.000060     -0.024  27.602789    23.7236     0.0114     -0.024    -2.6255 0.0000e+00
    23.8087   0.000070     -0.024  27.602847    23.8087     0.0114     -0.024    -2.6463 0.0000e+00
    23.8577   0.000070     -0.024  27.602905    23.8577     0.0114     -0.024    -2.6583 0.0000e+00
    23.8842   0.000070     -0.024  27.602963    23.8842     0.0114     -0.024    -2.6648 0.0000e+00
    23.9255   0.000070     -0.024  27.603021    23.9255     0.0115     -0.024    -2.6749 0.0000e+00
    23.8850   0.000070     -0.024  27.603079    23.8850     0.0114     -0.024    -2.6650 0.0000e+00
    23.8960   0.000070     -0.024  27.603137    23.8960     0.0115     -0.024    -2.6677 0.0000e+00
    23.8977   0.000070     -0.024  27.603194    23.8977     0.0115     -0.024    -2.6681 0.0000e+00
    23.9650   0.000070     -0.026  27.603252    23.9650     0.0115     -0.026    -2.6847 0.0000e+00
    23.9526   0.000070     -0.027  27.603310    23.9526     0.0115     -0.027    -2.6816 0.0000e+00
    23.9867   0.000070     -0.027  27.603368    23.9867     0.0115     -0.027    -2.6900 0.0000e+00
    23.9825   0.000070     -0.027  27.603426    23.9825     0.0115     -0.027    -2.6890 0.0000e+00
    24.0046   0.000070     -0.027  27.603484    24.0046     0.0115     -0.027    -2.6944 0.0000e+00
    23.9985   0.000070     -0.027  27.603542    23.9985     0.0115     -0.027    -2.6929 0.0000e+00
    23.9944   0.000070     -0.027  27.603600    23.9944     0.0115     -0.027    -2.6919 0.0000e+00
    24.1159   0.000070     -0.027  27.603657    24.1159     0.0115     -0.027    -2.7219 0.0000e+00
    24.1734   0.000070     -0.027  27.603715    24.1734     0.0116     -0.027    -2.7362 0.0000e+00
    24.2296   0.000070     -0.027  27.603773    24.2296     0.0116     -0.027    -2.7501 0.0000e+00
    24.3793   0.000070     -0.027  27.603831    24.3793     0.0116     -0.027    -2.7875 0.0000e+00
    24.4997   0.000070     -0.029  27.603889    24.4997     0.0117     -0.029    -2.8177 0.0000e+00
    24.6407   0.000060     -0.029  27.603947    24.6407     0.0117     -0.029    -2.8532 0.0000e+00
    24.7822   0.000060     -0.029  27.604005    24.7822     0.0118     -0.029    -2.8890 0.0000e+00
    24.8609   0.000070     -0.029  27.604062    24.8609     0.0118     -0.029    -2.9091 0.0000e+00
    24.9229   0.000060     -0.031  27.604120    24.9229     0.0118     -0.031    -2.9249 0.0000e+00
    24.8422   0.000060     -0.031  27.604178    24.8422     0.0118     -0.031    -2.9043 0.0000e+00
    24.7466   0.000060     -0.029  27.604236    24.7466     0.0118     -0.029    -2.8800 0.0000e+00
    24.7294   0.000070     -0.031  27.604294    24.7294     0.0118     -0.031    -2.8756 0.0000e+00
    24.7775   0.000070     -0.031  27.604352    24.7775     0.0118     -0.031    -2.8878 0.0000e+00
    24.8116   0.000070     -0.031  27.604410    24.8116     0.0118     -0.031    -2.8965 0.0000e+00
    24.9110   0.000070     -0.031  27.604468    24.9110     0.0118     -0.031    -2.9218 0.0000e+00
    24.9546   0.000070     -0.031  27.604525    24.9546     0.0118     -0.031    -2.9330 0.0000e+00
    24.9688   0.000070     -0.031  27.604583    24.9688     0.0118     -0.031    -2.9366 0.0000e+00
    24.9342   0.000070     -0.031  27.604641    24.9342     0.0118     -0.031    -2.9278 0.0000e+00
    25.2148   1.458400      0.109  27.604699    25.2148     8.4160      0.108     3.3099 0.0000e+00
    26.9481   2.004790      0.057  27.604757    26.9481    11.4555      0.057     5.0967 0.0000e+00
    26.9565   1.994350      0.267  27.604815    26.9564    11.3885      0.265     5.0442 0.0000e+00
    26.8748   2.004490      0.489  27.604873    26.8747    11.4714      0.486     5.1298 0.0000e+00
    26.8067   2.038320      0.588  27.604931    26.8066    11.6994      0.584     5.3196 0.0000e+00
    26.9279   2.025630      0.120  27.604988    26.9279    11.5902      0.119     5.2031 0.0000e+00
    26.9428   2.000960      0.118  27.605046    26.9428    11.4329      0.117     5.0814 0.0000e+00
    26.9378   2.003700      0.176  27.605104    26.9378    11.4512      0.175     5.0965 0.0000e+00
    26.9100   2.004760      0.544  27.605162    26.9099    11.4645      0.540     5.1145 0.0000e+00
    26.7008   2.432330      0.879  27.605220    26.7006    14.2208      0.873     7.2331 0.0000e+00
    26.2291   3.291110      1.089  27.605278    26.2289    20.0219      1.082    11.7092 0.0000e+00
    25.5284   4.253720      1.377  27.605336    25.5281    27.0096      1.368    17.1593 0.0000e+00
    25.5084   4.467040      1.852  27.605394    25.5080    28.5353      1.840    18.3128 0.0000e+00
    25.4947   4.498310      2.233  27.605451    25.4942    28.7667      2.218    18.4911 0.0000e+00
    25.4536   4.513860      2.724  27.605509    25.4530    28.9035      2.706    18.6064 0.0000e+00
    25.4343   4.523280      3.269  27.605567    25.4336    28.9830      3.247    18.6720 0.0000e+00
    25.4298   4.552000      3.830  27.605625    25.4290    29.1912      3.804    18.8300 0.0000e+00
    25.4420   4.605160      4.325  27.605683    25.4411    29.5640      4.296    19.1071 0.0000e+00
    25.4417   4.694580      4.364  27.605741    25.4408    30.2064      4.335    19.5909 0.0000e+00
    25.4435   4.732720      4.431  27.605799    25.4425    30.4796      4.401    19.7962 0.0000e+00
    25.4439   4.748430      4.400  27.605856    25.4430    30.5926      4.371    19.8812 0.0000e+00
    25.4438   4.754160      4.314  27.605914    25.4429    30.6339      4.285    19.9124 0.0000e+00
    25.4388   4.728240      4.044  27.605972    25.4379    30.4506      4.017    19.7758 0.0000e+00
    25.4345   4.720230      3.438  27.606030    25.4338    30.3960      3.415    19.7359 0.0000e+00
    25.4299   4.677720      2.875  27.606088    25.4293    30.0933      2.856    19.5093 0.0000e+00
    25.4638   4.567880      2.325  27.606146    25.4633    29.2834      2.309    18.8893 0.0000e+00
    25.5020   4.501330      1.767  27.606204    25.5016    28.7838      1.755    18.5018 0.0000e+00
    25.5315   4.454120      1.123  27.606262    25.5313    28.4290      1.115    18.2260 0.0000e+00
    26.7402   2.563960      0.437  27.606319    26.7401    15.0526      0.434     7.8430 0.0000e+00
    26.3637   0.284090     -0.035  27.606377    26.3637     1.4294     -0.035    -2.2356 0.0000e+00
    24.7392   0.000600     -0.033  27.606435    24.7392     0.0128     -0.033    -2.8773 0.0000e+00
    24.1827   0.000060     -0.029  27.606493    24.1827     0.0116     -0.029    -2.7385 0.0000e+00
    23.9833   0.000080     -0.029  27.606551    23.9833     0.0115     -0.029    -2.6892 0.0000e+00
    23.7310   0.000080     -0.027  27.606609    23.7310     0.0114     -0.027    -2.6273 0.0000e+00
    23.5025   0.000080     -0.027  27.606667    23.5025     0.0113     -0.027    -2.5719 0.0000e+00
    23.4496   0.000080     -0.026  27.606725    23.4496     0.0113     -0.026    -2.5591 0.0000e+00
    23.3910   0.000080     -0.026  27.606782    23.3910     0.0113     -0.026    -2.5450 0.0000e+00
    23.2801   0.000080     -0.026  27.606840    23.2801     0.0112     -0.026    -2.5184 0.0000e+00
    23.2355   0.000080     -0.026  27.606898    23.2355     0.0112     -0.026    -2.5077 0.0000e+00
    23.1412   0.000080     -0.027  27.606956    23.1412     0.0112     -0.027    -2.4852 0.0000e+00
    22.9812   0.000080     -0.026  27.607014    22.9812     0.0111     -0.026    -2.4472 0.0000e+00
    22.8476   0.000080     -0.026  27.607072    22.8476     0.0111     -0.026    -2.4157 0.0000e+00
    22.6487   0.000090     -0.026  27.607130    22.6487     0.0110     -0.026    -2.3691 0.0000e+00
    22.5844   0.000090     -0.026  27.607187    22.5844     0.0110     -0.026    -2.3542 0.0000e+00
    22.6422   0.000090     -0.026  27.607245    22.6422     0.0110     -0.026    -2.3676 0.0000e+00
    22.7546   0.000080     -0.026  27.607303    22.7546     0.0110     -0.026    -2.3939 0.0000e+00
    22.8778   0.000080     -0.027  27.607361    22.8778     0.0111     -0.027    -2.4228 0.0000e+00
    22.9178   0.000080     -0.027  27.607419    22.9178     0.0111     -0.027    -2.4322 0.0000e+00
    22.8962   0.000080     -0.027  27.607477    22.8962     0.0111     -0.027    -2.4272 0.0000e+00
    22.8428   0.000080     -0.027  27.607535    22.8428     0.0111     -0.027    -2.4146 0.0000e+00
    22.5154   0.000090     -0.027  27.607593    22.5154     0.0109     -0.027    -2.3381 0.0000e+00
    22.3187   0.000090     -0.027  27.607650    22.3187     0.0109     -0.027    -2.2927 0.0000e+00
    22.4043   0.000080     -0.033  27.607708    22.4043     0.0109     -0.033    -2.3124 0.0000e+00
    26.5381   2.701060      0.070  27.607766    26.5381    16.0059      0.070     8.6144 0.0000e+00
    26.3503   2.775450      0.079  27.607824    26.3503    16.5566      0.078     9.0808 0.0000e+00
    26.5932   2.306320      0.192  27.607882    26.5932    13.4483      0.191     6.6874 0.0000e+00
    26.0438   3.125540      0.557  27.607940    26.0437    18.9908      0.553    10.9915 0.0000e+00
    25.5146   4.283820      0.942  27.607998    25.5144    27.2307      0.936    17.3297 0.0000e+00
    25.4962   4.396360      1.370  27.608056    25.4959    28.0399      1.361    17.9438 0.0000e+00
    25.4935   4.621960      1.805  27.608113    25.4931    29.6517      1.793    19.1577 0.0000e+00
    25.4862   4.730660      2.307  27.608171    25.4857    30.4369      2.292    19.7511 0.0000e+00
    25.4826   4.769540      2.755  27.608229    25.4820    30.7191      2.737    19.9648 0.0000e+00
    25.4827   4.788370      3.139  27.608287    25.4820    30.8546      3.118    20.0669 0.0000e+00
    25.4822   4.803780      3.776  27.608345    25.4814    30.9659      3.751    20.1509 0.0000e+00
    25.4816   4.803770      4.330  27.608403    25.4807    30.9661      4.301    20.1512 0.0000e+00
    25.4812   4.819330      4.674  27.608461    25.4802    31.0786      4.643    20.2361 0.0000e+00
    25.4815   4.826550      5.161  27.608519    25.4804    31.1303      5.126    20.2750 0.0000e+00
    25.4821   4.831140      5.468  27.608576    25.4809    31.1630      5.431    20.2994 0.0000e+00
    25.4812   4.832320      5.247  27.608634    25.4801    31.1722      5.212    20.3066 0.0000e+00
    25.4813   4.832310      5.127  27.608692    25.4802    31.1721      5.093    20.3065 0.0000e+00
    25.4806   4.832230      4.330  27.608750    25.4797    31.1722      4.301    20.3068 0.0000e+00
    25.4849   4.822310      3.544  27.608808    25.4841    31.0979      3.520    20.2495 0.0000e+00
    25.4916   4.812130      2.533  27.608866    25.4911    31.0201      2.516    20.1889 0.0000e+00
    25.4953   4.776950      1.613  27.608924    25.4950    30.7643      1.602    19.9950 0.0000e+00
    25.5064   4.657230      0.722  27.608981    25.5062    29.8965      0.717    19.3381 0.0000e+00
