data/raw/27-01-17/stations_27-01-2017_processed.cnv
* Sea-Bird SBE37 Data File:
* FileName = C:\Documents and Settings\Usuário(a)\Desktop\CTD_LAGOA\stations_27-01-2017.asc
* Software Version 1.59
* Temperature SN = 2603
* Conductivity SN = 2603
* System UpLoad Time = Jan 27 2017 18:39:39
* ds
* SBE37-SM V 2.2  SERIAL NO. 2603    27 Jan 2017  18:12:28
# nquan = 9                                 
# nvalues = 4741                        
# units = metric
# name 0 = t090: temperature, ITS-90 [deg C]
# name 1 = c0S/m: conductivity [S/m]
# name 2 = pr: pressure [db]
# name 3 = timeJ: time [julian days]
# name 4 = potemp090C: Potential Temperature [ITS-90, deg C]
# name 5 = sal00: Salinity, Practical [PSU]
# name 6 = depSM: Depth [salt water, m], lat = 28.48
# name 7 = sigma-t00: Density [sigma-t, kg/m^3 ]
# name 8 = flag: flag
# span 0 =    21.8595,    31.8219       
# span 1 =   0.000040,   5.381540       
# span 2 =     -0.179,      7.837       
# span 3 =  25.591771,  27.758403       
# span 4 =    21.8595,    31.8219       
# span 5 =     0.0107,    34.7609       
# span 6 =     -0.178,      7.784       
# span 7 =    -4.9050,    22.8494       
# span 8 = 0.0000e+00, 0.0000e+00       
# interval = seconds: 5
# start_time = Jan 27 2017 13:29:35
# bad_flag = -9.990e-29
*END*
[from data line 1761]
    24.1021   0.000080     -0.128  25.748947    24.1021     0.0115     -0.127    -2.7185 0.0000e+00
    24.0019   0.000080     -0.126  25.749028    24.0019     0.0115     -0.125    -2.6937 0.0000e+00
    24.0221   0.000080     -0.130  25.749109    24.0221     0.0115     -0.129    -2.6987 0.0000e+00
    24.0650   0.000080     -0.130  25.749190    24.0650     0.0115     -0.129    -2.7093 0.0000e+00
    23.8964   0.000080     -0.126  25.749271    23.8964     0.0114     -0.125    -2.6678 0.0000e+00
    24.1522   0.000080     -0.130  25.749352    24.1522     0.0115     -0.129    -2.7309 0.0000e+00
    24.1688   0.000080     -0.132  25.749433    24.1688     0.0115     -0.131    -2.7350 0.0000e+00
    24.1583   0.000080     -0.132  25.749514    24.1583     0.0115     -0.131    -2.7324 0.0000e+00
    24.3006   0.000080     -0.128  25.749595    24.3006     0.0116     -0.127    -2.7678 0.0000e+00
    24.3307   0.000070     -0.132  25.749676    24.3307     0.0116     -0.131    -2.7753 0.0000e+00
    24.2640   0.000080     -0.130  25.749757    24.2640     0.0116     -0.129    -2.7587 0.0000e+00
    24.4485   0.000080     -0.130  25.749838    24.4485     0.0116     -0.129    -2.8048 0.0000e+00
    24.3590   0.000070     -0.132  25.749919    24.3590     0.0116     -0.131    -2.7824 0.0000e+00
    24.4428   0.000080     -0.130  25.750000    24.4428     0.0116     -0.129    -2.8034 0.0000e+00
    24.2782   0.000070     -0.130  25.750081    24.2782     0.0116     -0.129    -2.7622 0.0000e+00
    24.3388   0.000080     -0.130  25.750162    24.3388     0.0116     -0.129    -2.7773 0.0000e+00
    24.4293   0.000080     -0.130  25.750243    24.4293     0.0116     -0.129    -2.8000 0.0000e+00
    24.2313   0.000080     -0.128  25.750324    24.2313     0.0116     -0.127    -2.7505 0.0000e+00
    24.1447   0.000080     -0.130  25.750405    24.1447     0.0115     -0.129    -2.7290 0.0000e+00
    24.1553   0.000080     -0.132  25.750486    24.1553     0.0115     -0.131    -2.7317 0.0000e+00
    24.1449   0.000080     -0.132  25.750567    24.1449     0.0115     -0.131    -2.7291 0.0000e+00
    24.0862   0.000080     -0.130  25.750648    24.0862     0.0115     -0.129    -2.7146 0.0000e+00
    24.2003   0.000070     -0.132  25.750729    24.2003     0.0116     -0.131    -2.7428 0.0000e+00
    24.2763   0.000070     -0.128  25.750810    24.2763     0.0116     -0.127    -2.7617 0.0000e+00
    24.2700   0.000080     -0.132  25.750891    24.2700     0.0116     -0.131    -2.7602 0.0000e+00
    24.3420   0.000070     -0.132  25.750972    24.3420     0.0116     -0.131    -2.7781 0.0000e+00
    24.4208   0.000070     -0.132  25.751053    24.4208     0.0116     -0.131    -2.7979 0.0000e+00
    24.3312   0.000080     -0.132  25.751134    24.3312     0.0116     -0.131    -2.7754 0.0000e+00
    24.2998   0.000080     -0.132  25.751215    24.2998     0.0116     -0.131    -2.7676 0.0000e+00
    24.2727   0.000070     -0.132  25.751296    24.2727     0.0116     -0.131    -2.7608 0.0000e+00
    24.2594   0.000080     -0.132  25.751377    24.2594     0.0116     -0.131    -2.7575 0.0000e+00
    24.2418   0.000070     -0.132  25.751458    24.2418     0.0116     -0.131    -2.7532 0.0000e+00
    24.1567   0.000080     -0.132  25.751539    24.1567     0.0115     -0.131    -2.7320 0.0000e+00
    24.2026   0.000080     -0.134  25.751620    24.2026     0.0116     -0.133    -2.7434 0.0000e+00
    24.3541   0.000070     -0.134  25.751701    24.3541     0.0116     -0.133    -2.7812 0.0000e+00
    24.4323   0.000070     -0.134  25.751782    24.4323     0.0116     -0.133    -2.8007 0.0000e+00
    24.3429   0.000070     -0.132  25.751863    24.3429     0.0116     -0.131    -2.7784 0.0000e+00
    24.3079   0.000070     -0.132  25.751944    24.3079     0.0116     -0.131    -2.7696 0.0000e+00
    24.3152   0.000070     -0.134  25.752025    24.3152     0.0116     -0.133    -2.7714 0.0000e+00
    24.3958   0.000070     -0.134  25.752106    24.3958     0.0116     -0.133    -2.7916 0.0000e+00
    24.4019   0.000070     -0.134  25.752187    24.4019     0.0116     -0.133    -2.7931 0.0000e+00
    24.3442   0.000070     -0.134  25.752269    24.3442     0.0116     -0.133    -2.7787 0.0000e+00
    24.1827   0.000070     -0.132  25.752350    24.1827     0.0116     -0.131    -2.7385 0.0000e+00
    24.1949   0.000070     -0.132  25.752431    24.1949     0.0116     -0.131    -2.7415 0.0000e+00
    24.1264   0.000070     -0.134  25.752512    24.1264     0.0115     -0.133    -2.7245 0.0000e+00
    24.0882   0.000080     -0.132  25.752593    24.0882     0.0115     -0.131    -2.7151 0.0000e+00
    24.1256   0.000080     -0.134  25.752674    24.1256     0.0115     -0.133    -2.7243 0.0000e+00
    24.0935   0.000070     -0.134  25.752755    24.0935     0.0115     -0.133    -2.7164 0.0000e+00
    24.1389   0.000070     -0.132  25.752836    24.1389     0.0115     -0.131    -2.7276 0.0000e+00
    24.3053   0.000070     -0.134  25.752917    24.3053     0.0116     -0.133    -2.7690 0.0000e+00
    24.1868   0.000080     -0.134  25.752998    24.1868     0.0116     -0.133    -2.7395 0.0000e+00
    24.0222   0.000080     -0.132  25.753079    24.0222     0.0115     -0.131    -2.6987 0.0000e+00
    23.9722   0.000080     -0.132  25.753160    23.9722     0.0115     -0.131    -2.6864 0.0000e+00
    24.1279   0.000080     -0.134  25.753241    24.1279     0.0115     -0.133    -2.7249 0.0000e+00
    24.1368   0.000080     -0.134  25.753322    24.1368     0.0115     -0.133    -2.7271 0.0000e+00
    24.1009   0.000080     -0.134  25.753403    24.1009     0.0115     -0.133    -2.7182 0.0000e+00
    24.1698   0.000080     -0.132  25.753484    24.1698     0.0115     -0.131    -2.7353 0.0000e+00
    24.1365   0.000070     -0.134  25.753565    24.1365     0.0115     -0.133    -2.7270 0.0000e+00
    24.2213   0.000070     -0.135  25.753646    24.2213     0.0116     -0.134    -2.7481 0.0000e+00
    24.1759   0.000070     -0.135  25.753727    24.1759     0.0116     -0.134    -2.7368 0.0000e+00
    24.2292   0.000070     -0.135  25.753808    24.2292     0.0116     -0.134    -2.7500 0.0000e+00
    24.3077   0.000070     -0.134  25.753889    24.3077     0.0116     -0.133    -2.7696 0.0000e+00
    24.3395   0.000070     -0.134  25.753970    24.3395     0.0116     -0.133    -2.7775 0.0000e+00
    24.3482   0.000070     -0.135  25.754051    24.3482     0.0116     -0.134    -2.7797 0.0000e+00
    24.2217   0.000070     -0.132  25.754132    24.2217     0.0116     -0.131    -2.7482 0.0000e+00
    24.0667   0.000070     -0.134  25.754213    24.0667     0.0115     -0.133    -2.7097 0.0000e+00
    24.1909   0.000070     -0.134  25.754294    24.1909     0.0116     -0.133    -2.7405 0.0000e+00
    24.2916   0.000070     -0.134  25.754375    24.2916     0.0116     -0.133    -2.7656 0.0000e+00
    24.4088   0.000070     -0.134  25.754456    24.4088     0.0116     -0.133    -2.7948 0.0000e+00
    24.5015   0.000070     -0.134  25.754537    24.5015     0.0117     -0.133    -2.8181 0.0000e+00
    24.6470   0.000070     -0.134  25.754618    24.6470     0.0117     -0.133    -2.8548 0.0000e+00
    24.7448   0.000070     -0.134  25.754699    24.7448     0.0118     -0.133    -2.8795 0.0000e+00
    24.8555   0.000070     -0.134  25.754780    24.8555     0.0118     -0.133    -2.9077 0.0000e+00
    24.8654   0.000070     -0.134  25.754861    24.8654     0.0118     -0.133    -2.9102 0.0000e+00
    24.9549   0.000070     -0.135  25.754942    24.9549     0.0118     -0.134    -2.9330 0.0000e+00
    25.0433   0.000070     -0.135  25.755023    25.0433     0.0119     -0.134    -2.9557 0.0000e+00
    25.0174   0.000070     -0.137  25.755104    25.0174     0.0119     -0.136    -2.9490 0.0000e+00
    24.9308   0.000070     -0.135  25.755185    24.9308     0.0118     -0.134    -2.9269 0.0000e+00
    24.7924   0.000070     -0.132  25.755266    24.7924     0.0118     -0.131    -2.8916 0.0000e+00
    24.5904   0.000070     -0.132  25.755347    24.5904     0.0117     -0.131    -2.8405 0.0000e+00
    24.7957   0.000070     -0.132  25.755428    24.7957     0.0118     -0.131    -2.8925 0.0000e+00
    24.5342   0.000070     -0.132  25.755509    24.5342     0.0117     -0.131    -2.8263 0.0000e+00
    24.7875   0.000070     -0.132  25.755590    24.7875     0.0118     -0.131    -2.8904 0.0000e+00
    24.7694   0.000070     -0.134  25.755671    24.7694     0.0118     -0.133    -2.8858 0.0000e+00
    24.7816   0.000070     -0.134  25.755752    24.7816     0.0118     -0.133    -2.8889 0.0000e+00
    24.6860   0.000070     -0.132  25.755833    24.6860     0.0117     -0.131    -2.8646 0.0000e+00
    24.8942   0.000070     -0.134  25.755914    24.8942     0.0118     -0.133    -2.9175 0.0000e+00
    24.9956   0.000070     -0.134  25.755995    24.9956     0.0118     -0.133    -2.9435 0.0000e+00
    24.7469   0.000070     -0.134  25.756076    24.7469     0.0118     -0.133    -2.8801 0.0000e+00
    24.6299   0.000070     -0.134  25.756157    24.6299     0.0117     -0.133    -2.8505 0.0000e+00
    24.6270   0.000070     -0.134  25.756238    24.6270     0.0117     -0.133    -2.8497 0.0000e+00
    24.7050   0.000070     -0.134  25.756319    24.7050     0.0117     -0.133    -2.8695 0.0000e+00
    24.7381   0.000070     -0.134  25.756400    24.7381     0.0118     -0.133    -2.8778 0.0000e+00
    24.7275   0.000070     -0.134  25.756481    24.7275     0.0118     -0.133    -2.8752 0.0000e+00
    24.8252   0.000070     -0.134  25.756562    24.8252     0.0118     -0.133    -2.9000 0.0000e+00
    24.7197   0.000070     -0.134  25.756644    24.7197     0.0117     -0.133    -2.8732 0.0000e+00
    24.6772   0.000070     -0.134  25.756725    24.6772     0.0117     -0.133    -2.8624 0.0000e+00
    24.5456   0.000070     -0.134  25.756806    24.5456     0.0117     -0.133    -2.8292 0.0000e+00
    24.4885   0.000070     -0.134  25.756887    24.4885     0.0117     -0.133    -2.8148 0.0000e+00
    24.4801   0.000070     -0.132  25.756968    24.4801     0.0117     -0.131    -2.8127 0.0000e+00
    24.6126   0.000070     -0.135  25.757049    24.6126     0.0117     -0.134    -2.8461 0.0000e+00
    24.5409   0.000070     -0.135  25.757130    24.5409     0.0117     -0.134    -2.8280 0.0000e+00
    24.5482   0.000070     -0.135  25.757211    24.5482     0.0117     -0.134    -2.8299 0.0000e+00
    24.6089   0.000070     -0.135  25.757292    24.6089     0.0117     -0.134    -2.8452 0.0000e+00
    24.6988   0.000070     -0.135  25.757373    24.6988     0.0117     -0.134    -2.8679 0.0000e+00
    24.7497   0.000070     -0.135  25.757454    24.7497     0.0118     -0.134    -2.8808 0.0000e+00
    24.7258   0.000070     -0.135  25.757535    24.7258     0.0118     -0.134    -2.8747 0.0000e+00
    24.7615   0.000070     -0.135  25.757616    24.7615     0.0118     -0.134    -2.8838 0.0000e+00
    24.8004   0.000070     -0.135  25.757697    24.8004     0.0118     -0.134    -2.8937 0.0000e+00
    24.8881   0.000070     -0.135  25.757778    24.8881     0.0118     -0.134    -2.9160 0.0000e+00
    24.8055   0.000070     -0.134  25.757859    24.8055     0.0118     -0.133    -2.8950 0.0000e+00
    24.8263   0.000070     -0.135  25.757940    24.8263     0.0118     -0.134    -2.9002 0.0000e+00
    24.7685   0.000070     -0.132  25.758021    24.7685     0.0118     -0.131    -2.8856 0.0000e+00
    24.7308   0.000070     -0.135  25.758102    24.7308     0.0118     -0.134    -2.8760 0.0000e+00
    24.5704   0.000070     -0.135  25.758183    24.5704     0.0117     -0.134    -2.8354 0.0000e+00
    24.6322   0.000070     -0.153  25.758264    24.6322     0.0117     -0.152    -2.8510 0.0000e+00
    24.7038   0.000070     -0.153  25.758345    24.7038     0.0117     -0.152    -2.8691 0.0000e+00
    24.7650   0.000070     -0.153  25.758426    24.7650     0.0118     -0.152    -2.8847 0.0000e+00
    24.7767   0.000070     -0.153  25.758507    24.7767     0.0118     -0.152    -2.8876 0.0000e+00
    24.7767   0.000070     -0.153  25.758588    24.7767     0.0118     -0.152    -2.8876 0.0000e+00
    24.7567   0.000070     -0.153  25.758669    24.7567     0.0118     -0.152    -2.8826 0.0000e+00
    24.7567   0.000070     -0.153  25.758750    24.7567     0.0118     -0.152    -2.8826 0.0000e+00
    24.7776   0.000070     -0.153  25.758831    24.7776     0.0118     -0.152    -2.8879 0.0000e+00
    24.7987   0.000070     -0.153  25.758912    24.7987     0.0118     -0.152    -2.8932 0.0000e+00
    24.8017   0.000070     -0.153  25.758993    24.8017     0.0118     -0.152    -2.8940 0.0000e+00
    24.7500   0.000070     -0.153  25.759074    24.7500     0.0118     -0.152    -2.8809 0.0000e+00
    24.7242   0.000070     -0.153  25.759155    24.7242     0.0118     -0.152    -2.8743 0.0000e+00
    24.7657   0.000070     -0.153  25.759236    24.7657     0.0118     -0.152    -2.8848 0.0000e+00
    24.6961   0.000070     -0.153  25.759317    24.6961     0.0117     -0.152    -2.8672 0.0000e+00
    24.6471   0.000070     -0.153  25.759398    24.6471     0.0117     -0.152    -2.8548 0.0000e+00
    24.5994   0.000070     -0.153  25.759479    24.5994     0.0117     -0.152    -2.8428 0.0000e+00
    24.5988   0.000070     -0.155  25.759560    24.5988     0.0117     -0.154    -2.8426 0.0000e+00
    24.6767   0.000070     -0.153  25.759641    24.6767     0.0117     -0.152    -2.8623 0.0000e+00
    24.6975   0.000070     -0.155  25.759722    24.6975     0.0117     -0.154    -2.8676 0.0000e+00
    24.7011   0.000070     -0.155  25.759803    24.7011     0.0117     -0.154    -2.8685 0.0000e+00
    24.7083   0.000070     -0.153  25.759884    24.7083     0.0117     -0.152    -2.8703 0.0000e+00
    24.7399   0.000070     -0.155  25.759965    24.7399     0.0118     -0.154    -2.8783 0.0000e+00
    24.7714   0.000070     -0.155  25.760046    24.7714     0.0118     -0.154    -2.8863 0.0000e+00
    24.8345   0.000070     -0.157  25.760127    24.8345     0.0118     -0.156    -2.9023 0.0000e+00
    24.8199   0.000070     -0.157  25.760208    24.8199     0.0118     -0.156    -2.8986 0.0000e+00
    24.7733   0.000070     -0.157  25.760289    24.7733     0.0118     -0.156    -2.8868 0.0000e+00
    24.7333   0.000070     -0.157  25.760370    24.7333     0.0118     -0.156    -2.8766 0.0000e+00
    24.7501   0.000070     -0.157  25.760451    24.7501     0.0118     -0.156    -2.8809 0.0000e+00
    24.7961   0.000070     -0.157  25.760532    24.7961     0.0118     -0.156    -2.8926 0.0000e+00
    24.7771   0.000070     -0.157  25.760613    24.7771     0.0118     -0.156    -2.8877 0.0000e+00
    24.8371   0.000070     -0.157  25.760694    24.8371     0.0118     -0.156    -2.9030 0.0000e+00
    24.8764   0.000070     -0.157  25.760775    24.8764     0.0118     -0.156    -2.9130 0.0000e+00
    24.9173   0.000070     -0.157  25.760856    24.9173     0.0118     -0.156    -2.9234 0.0000e+00
    24.9339   0.000070     -0.157  25.760937    24.9339     0.0118     -0.156    -2.9277 0.0000e+00
    24.9285   0.000070     -0.157  25.761019    24.9285     0.0118     -0.156    -2.9263 0.0000e+00
    25.9306   0.000080     -0.051  27.562211    25.9306     0.0122     -0.051    -3.1870 0.0000e+00
    25.9560   0.000080     -0.053  27.562280    25.9560     0.0122     -0.053    -3.1938 0.0000e+00
    25.9729   0.000080     -0.051  27.562338    25.9729     0.0122     -0.051    -3.1983 0.0000e+00
    25.9833   0.000080     -0.051  27.562396    25.9833     0.0122     -0.051    -3.2010 0.0000e+00
    25.9511   0.000080     -0.054  27.562454    25.9511     0.0122     -0.054    -3.1925 0.0000e+00
    25.9558   0.000070     -0.051  27.562512    25.9558     0.0122     -0.051    -3.1937 0.0000e+00
    25.9762   0.000080     -0.053  27.562569    25.9762     0.0122     -0.053    -3.1991 0.0000e+00
    26.0148   0.000080     -0.051  27.562627    26.0148     0.0122     -0.051    -3.2094 0.0000e+00
    26.0433   0.000080     -0.053  27.562685    26.0433     0.0122     -0.053    -3.2170 0.0000e+00
