data/raw/27-01-17/stations_27-01-2017.cnv
* Sea-Bird SBE37 Data File:
* FileName = C:\Documents and Settings\Usuário(a)\Desktop\CTD_LAGOA\stations_27-01-2017.asc
* Software Version 1.59
* Temperature SN = 2603
* Conductivity SN = 2603
* System UpLoad Time = Jan 27 2017 18:39:39
* ds
* SBE37-SM V 2.2  SERIAL NO. 2603    27 Jan 2017  18:12:28
# nquan = 5
# nvalues =     4741
# units = metric
# name 0 = t090: temperature, ITS-90 [deg C]
# name 1 = c0S/m: conductivity [S/m]
# name 2 = pr: pressure [db]
# name 3 = timeJ: time [julian days]
# name 4 = flag:  0.000e+00
# span 0 = 21.8595, 31.8219           
# span 1 = 0.00004, 5.38154           
# span 2 = -0.179, 7.837              
# span 3 = 25.591771, 27.758403       
# span 4 = 0.000e+00, 0.000e+00       
# interval = seconds: 5
# start_time = Jan 27 2017 13:29:35
# bad_flag = -9.990e-29
*END*
[from data line 1143]
    24.5863    0.00007     -0.157  25.698877  0.000e+00
    24.6151    0.00006     -0.159  25.698958  0.000e+00
    24.5924    0.00006     -0.157  25.699039  0.000e+00
    24.6218    0.00006     -0.157  25.699120  0.000e+00
    24.6924    0.00006     -0.157  25.699201  0.000e+00
    24.7612    0.00006     -0.157  25.699282  0.000e+00
    24.8281    0.00006     -0.157  25.699363  0.000e+00
    24.8779    0.00006     -0.159  25.699444  0.000e+00
    24.8967    0.00006     -0.157  25.699525  0.000e+00
    24.9296    0.00006     -0.159  25.699606  0.000e+00
    24.9565    0.00006     -0.159  25.699688  0.000e+00
    24.9491    0.00006     -0.159  25.699769  0.000e+00
    24.9741    0.00006     -0.159  25.699850  0.000e+00
    24.9541    0.00006     -0.159  25.699931  0.000e+00
    24.8130    0.00007     -0.157  25.700012  0.000e+00
    24.8428    0.00006     -0.157  25.700093  0.000e+00
    24.8948    0.00006     -0.157  25.700174  0.000e+00
    24.6722    0.00007     -0.157  25.700255  0.000e+00
    24.2715    0.00007     -0.157  25.700336  0.000e+00
    24.1233    0.00007     -0.157  25.700417  0.000e+00
    24.0400    0.00007     -0.157  25.700498  0.000e+00
    24.1074    0.00007     -0.157  25.700579  0.000e+00
    24.1809    0.00007     -0.157  25.700660  0.000e+00
    24.1864    0.00007     -0.157  25.700741  0.000e+00
    24.1522    0.00007     -0.157  25.700822  0.000e+00
    24.0776    0.00007     -0.157  25.700903  0.000e+00
    24.0259    0.00007     -0.157  25.700984  0.000e+00
    24.0511    0.00007     -0.157  25.701065  0.000e+00
    24.0384    0.00007     -0.155  25.701146  0.000e+00
    24.0355    0.00007     -0.157  25.701227  0.000e+00
    24.0988    0.00007     -0.155  25.701308  0.000e+00
    23.9610    0.00007     -0.155  25.701389  0.000e+00
    24.0542    0.00007     -0.155  25.701470  0.000e+00
    23.9713    0.00007     -0.155  25.701551  0.000e+00
    23.9413    0.00007     -0.155  25.701632  0.000e+00
    23.8669    0.00007     -0.155  25.701713  0.000e+00
    23.9568    0.00007     -0.155  25.701794  0.000e+00
    23.9301    0.00007     -0.155  25.701875  0.000e+00
    24.0693    0.00007     -0.155  25.701956  0.000e+00
    24.0775    0.00007     -0.155  25.702037  0.000e+00
    24.0376    0.00007     -0.155  25.702118  0.000e+00
    23.9628    0.00007     -0.155  25.702199  0.000e+00
    24.0592    0.00007     -0.155  25.702280  0.000e+00
    24.0329    0.00007     -0.153  25.702361  0.000e+00
    24.0391    0.00007     -0.155  25.702442  0.000e+00
    24.0702    0.00007     -0.155  25.702523  0.000e+00
    24.1085    0.00008     -0.155  25.702604  0.000e+00
    24.0045    0.00007     -0.155  25.702685  0.000e+00
    24.0172    0.00007     -0.155  25.702766  0.000e+00
    24.0674    0.00007     -0.153  25.702847  0.000e+00
    24.1187    0.00007     -0.153  25.702928  0.000e+00
    24.1113    0.00008     -0.153  25.703009  0.000e+00
    24.1026    0.00007     -0.153  25.703090  0.000e+00
    24.1875    0.00008     -0.153  25.703171  0.000e+00
    24.1214    0.00007     -0.153  25.703252  0.000e+00
    24.0812    0.00007     -0.153  25.703333  0.000e+00
    23.9677    0.00007     -0.153  25.703414  0.000e+00
    23.9150    0.00007     -0.153  25.703495  0.000e+00
    23.9012    0.00008     -0.153  25.703576  0.000e+00
    23.8984    0.00007     -0.153  25.703657  0.000e+00
    23.9793    0.00008     -0.153  25.703738  0.000e+00
    24.1498    0.00008     -0.153  25.703819  0.000e+00
    24.1619    0.00008     -0.153  25.703900  0.000e+00
    24.1764    0.00007     -0.153  25.703981  0.000e+00
    24.1816    0.00007     -0.153  25.704062  0.000e+00
    24.1885    0.00007     -0.153  25.704144  0.000e+00
    24.2268    0.00007     -0.153  25.704225  0.000e+00
    24.2741    0.00007     -0.153  25.704306  0.000e+00
    24.2524    0.00007     -0.155  25.704387  0.000e+00
    24.1563    0.00008     -0.153  25.704468  0.000e+00
    24.1805    0.00008     -0.153  25.704549  0.000e+00
    24.1871    0.00008     -0.153  25.704630  0.000e+00
    24.2957    0.00007     -0.153  25.704711  0.000e+00
    24.2430    0.00007     -0.155  25.704792  0.000e+00
    24.0830    0.00007     -0.153  25.704873  0.000e+00
    23.9544    0.00007     -0.153  25.704954  0.000e+00
    23.9188    0.00008     -0.153  25.705035  0.000e+00
    23.8504    0.00007     -0.153  25.705116  0.000e+00
    23.8651    0.00008     -0.153  25.705197  0.000e+00
    23.9097    0.00007     -0.153  25.705278  0.000e+00
    23.9701    0.00008     -0.153  25.705359  0.000e+00
    23.9426    0.00008     -0.153  25.705440  0.000e+00
    24.0994    0.00008     -0.153  25.705521  0.000e+00
    24.0043    0.00008     -0.153  25.705602  0.000e+00
    24.0543    0.00008     -0.153  25.705683  0.000e+00
    23.9895    0.00008     -0.153  25.705764  0.000e+00
    24.0255    0.00008     -0.153  25.705845  0.000e+00
    23.9296    0.00008     -0.153  25.705926  0.000e+00
    24.0002    0.00008     -0.153  25.706007  0.000e+00
    24.0297    0.00008     -0.153  25.706088  0.000e+00
    24.0540    0.00008     -0.153  25.706169  0.000e+00
    23.9365    0.00008     -0.153  25.706250  0.000e+00
    23.9799    0.00008     -0.153  25.706331  0.000e+00
    23.9236    0.00008     -0.153  25.706412  0.000e+00
    24.1296    0.00008     -0.153  25.706493  0.000e+00
    24.1373    0.00008     -0.153  25.706574  0.000e+00
    24.0747    0.00007     -0.153  25.706655  0.000e+00
    24.0969    0.00008     -0.153  25.706736  0.000e+00
    24.0474    0.00008     -0.153  25.706817  0.000e+00
    24.1169    0.00008     -0.153  25.706898  0.000e+00
    24.1044    0.00008     -0.153  25.706979  0.000e+00
    24.1191    0.00008     -0.155  25.707060  0.000e+00
    24.1302    0.00008     -0.153  25.707141  0.000e+00
    24.3217    0.00007     -0.153  25.707222  0.000e+00
    24.5837    0.00008     -0.153  25.707303  0.000e+00
    24.7772    0.00007     -0.153  25.707384  0.000e+00
    24.9578    0.00007     -0.155  25.707465  0.000e+00
    24.9620    0.00007     -0.155  25.707546  0.000e+00
    29.2255    2.81060     -0.087  25.707627  0.000e+00
    29.7726    2.79344     -0.049  25.707708  0.000e+00
    29.7806    2.84150     -0.080  25.707789  0.000e+00
    29.7736    2.80578     -0.072  25.707870  0.000e+00
    29.7874    2.81600     -0.009  25.707951  0.000e+00
    29.7858    2.83224      0.017  25.708032  0.000e+00
    29.7516    2.83185      0.219  25.708113  0.000e+00
    29.7113    2.84874      0.178  25.708194  0.000e+00
    29.7824    2.89709     -0.044  25.708275  0.000e+00
    29.7900    2.89265     -0.047  25.708356  0.000e+00
    29.7915    2.91227      0.129  25.708437  0.000e+00
    29.7362    2.90311      0.361  25.708519  0.000e+00
    29.7773    2.91954      0.044  25.708600  0.000e+00
    29.7872    2.90687     -0.062  25.708681  0.000e+00
    28.8651    0.09618     -0.177  25.708762  0.000e+00
    27.4873    0.00005     -0.179  25.708843  0.000e+00
    26.9614    0.00006     -0.177  25.708924  0.000e+00
    26.7138    0.00006     -0.175  25.709005  0.000e+00
    26.9085    0.00005     -0.173  25.709086  0.000e+00
    26.9018    0.00006     -0.175  25.709167  0.000e+00
    26.9477    0.00006     -0.173  25.709248  0.000e+00
    26.7016    0.00006     -0.173  25.709329  0.000e+00
    26.2431    0.00006     -0.171  25.709410  0.000e+00
    26.0934    0.00006     -0.170  25.709491  0.000e+00
    25.8387    0.00006     -0.170  25.709572  0.000e+00
    25.7276    0.00006     -0.170  25.709653  0.000e+00
    25.7260    0.00007     -0.170  25.709734  0.000e+00
    25.3914    0.00007     -0.170  25.709815  0.000e+00
    25.1762    0.00007     -0.168  25.709896  0.000e+00
    25.1565    0.00006     -0.168  25.709977  0.000e+00
    24.9071    0.00007     -0.166  25.710058  0.000e+00
    24.7826    0.00007     -0.164  25.710139  0.000e+00
    24.7472    0.00007     -0.162  25.710220  0.000e+00
    24.8627    0.00006     -0.162  25.710301  0.000e+00
    24.9939    0.00007     -0.162  25.710382  0.000e+00
    24.8155    0.00007     -0.159  25.710463  0.000e+00
    24.8987    0.00006     -0.159  25.710544  0.000e+00
    24.9065    0.00006     -0.157  25.710625  0.000e+00
    25.1889    0.00006     -0.157  25.710706  0.000e+00
    25.3317    0.00007     -0.155  25.710787  0.000e+00
    25.4687    0.00007     -0.155  25.710868  0.000e+00
    25.3948    0.00007     -0.155  25.710949  0.000e+00
    25.4590    0.00007     -0.153  25.711030  0.000e+00
    25.4505    0.00006     -0.153  25.711111  0.000e+00
    25.3748    0.00007     -0.153  25.711192  0.000e+00
    25.4207    0.00007     -0.153  25.711273  0.000e+00
    25.5241    0.00006     -0.152  25.711354  0.000e+00
    25.5725    0.00007     -0.152  25.711435  0.000e+00
    25.6891    0.00007     -0.152  25.711516  0.000e+00
    25.7228    0.00007     -0.152  25.711597  0.000e+00
    29.1290    2.89180     -0.134  25.711678  0.000e+00
    29.1863    2.90063     -0.089  25.711759  0.000e+00
    29.1917    2.90596     -0.090  25.711840  0.000e+00
    29.1884    2.90256     -0.040  25.711921  0.000e+00
    29.1907    2.90400     -0.089  25.712002  0.000e+00
    29.1996    2.90152      0.170  25.712083  0.000e+00
    29.1998    2.90241      0.321  25.712164  0.000e+00
    29.1973    2.90429      0.485  25.712245  0.000e+00
    29.1965    2.90894      0.526  25.712326  0.000e+00
    29.2259    2.91663      0.931  25.712407  0.000e+00
    29.2222    2.92160      0.681  25.712488  0.000e+00
    29.2013    2.92735      0.492  25.712569  0.000e+00
    29.1970    2.92655      0.476  25.712650  0.000e+00
    29.1973    2.92427      0.084  25.712731  0.000e+00
    28.5228    0.08589     -0.144  25.712812  0.000e+00
    27.7846    0.00006     -0.143  25.712894  0.000e+00
    27.3395    0.00006     -0.148  25.712975  0.000e+00
    27.2032    0.00006     -0.148  25.713056  0.000e+00
    27.0589    0.00006     -0.150  25.713137  0.000e+00
    26.8760    0.00006     -0.150  25.713218  0.000e+00
    26.6466    0.00006     -0.150  25.713299  0.000e+00
    26.4741    0.00007     -0.150  25.713380  0.000e+00
    26.4553    0.00007     -0.150  25.713461  0.000e+00
    26.4199    0.00007     -0.152  25.713542  0.000e+00
    26.0560    0.00007     -0.150  25.713623  0.000e+00
    25.3899    0.00007     -0.150  25.713704  0.000e+00
    25.0195    0.00008     -0.150  25.713785  0.000e+00
    24.8366    0.00008     -0.150  25.713866  0.000e+00
    24.5247    0.00008     -0.150  25.713947  0.000e+00
    24.4129    0.00008     -0.150  25.714028  0.000e+00
    24.2877    0.00008     -0.148  25.714109  0.000e+00
    24.3097    0.00008     -0.148  25.714190  0.000e+00
    24.2468    0.00008     -0.146  25.714271  0.000e+00
    24.2799    0.00008     -0.146  25.714352  0.000e+00
    24.2969    0.00007     -0.144  25.714433  0.000e+00
    24.3389    0.00008     -0.144  25.714514  0.000e+00
    24.3593    0.00008     -0.144  25.714595  0.000e+00
    24.5063    0.00008     -0.144  25.714676  0.000e+00
    24.6395    0.00008     -0.146  25.714757  0.000e+00
    24.6186    0.00008     -0.143  25.714838  0.000e+00
    24.4912    0.00008     -0.143  25.714919  0.000e+00
    24.5071    0.00008     -0.141  25.715000  0.000e+00
    24.4095    0.00008     -0.141  25.715081  0.000e+00
    24.5532    0.00008     -0.141  25.715162  0.000e+00
    24.5922    0.00008     -0.143  25.715243  0.000e+00
    24.4179    0.00008     -0.139  25.715324  0.000e+00
    24.3834    0.00008     -0.137  25.715405  0.000e+00
    24.3396    0.00008     -0.134  25.715486  0.000e+00
    24.3656    0.00008     -0.135  25.715567  0.000e+00
    24.3999    0.00008     -0.135  25.715648  0.000e+00
    24.4157    0.00008     -0.135  25.715729  0.000e+00
    24.3280    0.00008     -0.132  25.715810  0.000e+00
    24.4061    0.00008     -0.132  25.715891  0.000e+00
    24.3860    0.00008     -0.135  25.715972  0.000e+00
    24.5005    0.00008     -0.135  25.716053  0.000e+00
    24.5515    0.00008     -0.134  25.716134  0.000e+00
    24.5522    0.00008     -0.130  25.716215  0.000e+00
    24.6369    0.00008     -0.130  25.716296  0.000e+00
    24.6163    0.00008     -0.132  25.716377  0.000e+00
    24.5512    0.00008     -0.132  25.716458  0.000e+00
    24.5375    0.00008     -0.134  25.716539  0.000e+00
    24.6026    0.00008     -0.132  25.716620  0.000e+00
    24.5630    0.00008     -0.132  25.716701  0.000e+00
    24.5561    0.00007     -0.130  25.716782  0.000e+00
    24.4931    0.00008     -0.128  25.716863  0.000e+00
    24.7677    0.00008     -0.128  25.716944  0.000e+00
    24.7088    0.00007     -0.130  25.717025  0.000e+00
    24.8593    0.00007     -0.128  25.717106  0.000e+00
    24.8847    0.00008     -0.130  25.717187  0.000e+00
    24.8951    0.00007     -0.130  25.717269  0.000e+00
    24.8990    0.00008     -0.128  25.717350  0.000e+00
    24.7907    0.00007     -0.128  25.717431  0.000e+00
    24.8937    0.00008     -0.130  25.717512  0.000e+00
    24.8323    0.00008     -0.132  25.717593  0.000e+00
    24.8211    0.00008     -0.134  25.717674  0.000e+00
    24.8930    0.00008     -0.135  25.717755  0.000e+00
    24.9260    0.00008     -0.134  25.717836  0.000e+00
    29.3494    2.83179     -0.114  25.717917  0.000e+00
    29.4680    2.82986     -0.069  25.717998  0.000e+00
    29.4804    2.82589     -0.065  25.718079  0.000e+00
    29.4972    2.81396     -0.071  25.718160  0.000e+00
    29.5085    2.82304     -0.049  25.718241  0.000e+00
    29.4829    2.84456      0.016  25.718322  0.000e+00
    29.5153    2.85104      0.170  25.718403  0.000e+00
    29.5181    2.85450      0.233  25.718484  0.000e+00
    29.5201    2.85642      0.201  25.718565  0.000e+00
    29.5160    2.85860      0.302  25.718646  0.000e+00
    29.5169    2.86442      0.471  25.718727  0.000e+00
    29.5175    2.87286      0.451  25.718808  0.000e+00
    29.5186    2.87108      0.528  25.718889  0.000e+00
    29.5147    2.87142      0.679  25.718970  0.000e+00
    29.5175    2.87097      0.836  25.719051  0.000e+00
    29.5177    2.87413      1.066  25.719132  0.000e+00
    29.5210    2.87688      1.154  25.719213  0.000e+00
    29.5216    2.87975      1.014  25.719294  0.000e+00
    29.5226    2.88198      0.670  25.719375  0.000e+00
    29.5196    2.88217      0.625  25.719456  0.000e+00
    29.5160    2.88186      0.463  25.719537  0.000e+00
    29.5160    2.88199      0.573  25.719618  0.000e+00
    29.5187    2.88289      1.167  25.719699  0.000e+00
    29.5106    2.88344      0.514  25.719780  0.000e+00
    29.5031    2.88255      0.158  25.719861  0.000e+00
    29.0005    0.09262     -0.166  25.719942  0.000e+00
    27.7324    0.00006     -0.164  25.720023  0.000e+00
    26.8125    0.00006     -0.155  25.720104  0.000e+00
    26.4598    0.00007     -0.155  25.720185  0.000e+00
    26.3115    0.00007     -0.153  25.720266  0.000e+00
    26.1644    0.00007     -0.155  25.720347  0.000e+00
    25.8759    0.00007     -0.153  25.720428  0.000e+00
    25.3335    0.00007     -0.153  25.720509  0.000e+00
    25.1750    0.00007     -0.153  25.720590  0.000e+00
    25.2235    0.00007     -0.152  25.720671  0.000e+00
    24.9554    0.00007     -0.150  25.720752  0.000e+00
    25.1469    0.00007     -0.150  25.720833  0.000e+00
    25.3181    0.00007     -0.150  25.720914  0.000e+00
    25.3459    0.00007     -0.150  25.720995  0.000e+00
    25.1521    0.00007     -0.148  25.721076  0.000e+00
    25.0300    0.00008     -0.148  25.721157  0.000e+00
    24.8197    0.00008     -0.148  25.721238  0.000e+00
    24.8948    0.00008     -0.146  25.721319  0.000e+00
    24.9047    0.00008     -0.143  25.721400  0.000e+00
    24.7489    0.00008     -0.144  25.721481  0.000e+00
    24.7189    0.00007     -0.144  25.721562  0.000e+00
    24.8159    0.00008     -0.143  25.721644  0.000e+00
    24.6639    0.00008     -0.141  25.721725  0.000e+00
    24.5902    0.00008     -0.141  25.721806  0.000e+00
    24.4608    0.00008     -0.143  25.721887  0.000e+00
