data/raw/27-01-17/stations_27-01-2017.cnv
* Sea-Bird SBE37 Data File:
* FileName = C:\Documents and Settings\Usuário(a)\Desktop\CTD_LAGOA\stations_27-01-2017.asc
* Software Version 1.59
* Temperature SN = 2603
* Conductivity SN = 2603
* System UpLoad Time = Jan 27 2017 18:39:39
* ds
* SBE37-SM V 2.2  SERIAL NO. 2603    27 Jan 2017  18:12:28
# nquan = 5
# nvalues =     4741
# units = metric
# name 0 = t090: temperature, ITS-90 [deg C]
# name 1 = c0S/m: conductivity [S/m]
# name 2 = pr: pressure [db]
# name 3 = timeJ: time [julian days]
# name 4 = flag:  0.000e+00
# span 0 = 21.8595, 31.8219           
# span 1 = 0.00004, 5.38154           
# span 2 = -0.179, 7.837              
# span 3 = 25.591771, 27.758403       
# span 4 = 0.000e+00, 0.000e+00       
# interval = seconds: 5
# start_time = Jan 27 2017 13:29:35
# bad_flag = -9.990e-29
*END*
[from data line 2572]
    22.7014    0.00008     -0.033  27.600475  0.000e+00
    22.7358    0.00008     -0.035  27.600532  0.000e+00
    22.6520    0.00008     -0.035  27.600590  0.000e+00
    22.6221    0.00009     -0.035  27.600648  0.000e+00
    22.5356    0.00008     -0.036  27.600706  0.000e+00
    22.6148    0.00009     -0.035  27.600764  0.000e+00
    22.6217    0.00009     -0.035  27.600822  0.000e+00
    22.7706    0.00008     -0.035  27.600880  0.000e+00
    22.8748    0.00008     -0.035  27.600937  0.000e+00
    22.8410    0.00008     -0.035  27.600995  0.000e+00
    22.8349    0.00008     -0.027  27.601053  0.000e+00
    26.8451    2.34345      0.021  27.601111  0.000e+00
    26.8485    2.37869      0.125  27.601169  0.000e+00
    26.8400    2.40212      0.424  27.601227  0.000e+00
    26.7855    2.42942      0.591  27.601285  0.000e+00
    26.8412    2.44942      1.041  27.601343  0.000e+00
    26.8515    2.49738      1.382  27.601400  0.000e+00
    26.2489    3.16160      1.641  27.601458  0.000e+00
    25.6494    4.40687      1.805  27.601516  0.000e+00
    25.5919    4.55840      1.870  27.601574  0.000e+00
    25.5916    4.54681      1.904  27.601632  0.000e+00
    25.5836    4.61679      1.841  27.601690  0.000e+00
    25.6034    4.60194      1.568  27.601748  0.000e+00
    26.3556    4.56576      1.447  27.601806  0.000e+00
    25.8362    4.36077      1.325  27.601863  0.000e+00
    26.8477    3.29251      0.967  27.601921  0.000e+00
    26.8622    2.70221      0.469  27.601979  0.000e+00
    26.8330    2.09672     -0.035  27.602037  0.000e+00
    24.5926    0.01569     -0.027  27.602095  0.000e+00
    24.1942    0.00006     -0.026  27.602153  0.000e+00
    23.7073    0.00006     -0.026  27.602211  0.000e+00
    23.4742    0.00006     -0.024  27.602269  0.000e+00
    23.4033    0.00007     -0.024  27.602326  0.000e+00
    23.3568    0.00006     -0.024  27.602384  0.000e+00
    23.3407    0.00007     -0.024  27.602442  0.000e+00
    23.2743    0.00007     -0.024  27.602500  0.000e+00
    23.2547    0.00007     -0.024  27.602558  0.000e+00
    23.2677    0.00007     -0.024  27.602616  0.000e+00
    23.3892    0.00007     -0.024  27.602674  0.000e+00
    23.5323    0.00007     -0.024  27.602731  0.000e+00
    23.7236    0.00006     -0.024  27.602789  0.000e+00
    23.8087    0.00007     -0.024  27.602847  0.000e+00
    23.8577    0.00007     -0.024  27.602905  0.000e+00
    23.8842    0.00007     -0.024  27.602963  0.000e+00
    23.9255    0.00007     -0.024  27.603021  0.000e+00
    23.8850    0.00007     -0.024  27.603079  0.000e+00
    23.8960    0.00007     -0.024  27.603137  0.000e+00
    23.8977    0.00007     -0.024  27.603194  0.000e+00
    23.9650    0.00007     -0.026  27.603252  0.000e+00
    23.9526    0.00007     -0.027  27.603310  0.000e+00
    23.9867    0.00007     -0.027  27.603368  0.000e+00
    23.9825    0.00007     -0.027  27.603426  0.000e+00
    24.0046    0.00007     -0.027  27.603484  0.000e+00
    23.9985    0.00007     -0.027  27.603542  0.000e+00
    23.9944    0.00007     -0.027  27.603600  0.000e+00
    24.1159    0.00007     -0.027  27.603657  0.000e+00
    24.1734    0.00007     -0.027  27.603715  0.000e+00
    24.2296    0.00007     -0.027  27.603773  0.000e+00
    24.3793    0.00007     -0.027  27.603831  0.000e+00
    24.4997    0.00007     -0.029  27.603889  0.000e+00
    24.6407    0.00006     -0.029  27.603947  0.000e+00
    24.7822    0.00006     -0.029  27.604005  0.000e+00
    24.8609    0.00007     -0.029  27.604062  0.000e+00
    24.9229    0.00006     -0.031  27.604120  0.000e+00
    24.8422    0.00006     -0.031  27.604178  0.000e+00
    24.7466    0.00006     -0.029  27.604236  0.000e+00
    24.7294    0.00007     -0.031  27.604294  0.000e+00
    24.7775    0.00007     -0.031  27.604352  0.000e+00
    24.8116    0.00007     -0.031  27.604410  0.000e+00
    24.9110    0.00007     -0.031  27.604468  0.000e+00
    24.9546    0.00007     -0.031  27.604525  0.000e+00
    24.9688    0.00007     -0.031  27.604583  0.000e+00
    24.9342    0.00007     -0.031  27.604641  0.000e+00
    25.2148    1.45840      0.109  27.604699  0.000e+00
    26.9481    2.00479      0.057  27.604757  0.000e+00
    26.9565    1.99435      0.267  27.604815  0.000e+00
    26.8748    2.00449      0.489  27.604873  0.000e+00
    26.8067    2.03832      0.588  27.604931  0.000e+00
    26.9279    2.02563      0.120  27.604988  0.000e+00
    26.9428    2.00096      0.118  27.605046  0.000e+00
    26.9378    2.00370      0.176  27.605104  0.000e+00
    26.9100    2.00476      0.544  27.605162  0.000e+00
    26.7008    2.43233      0.879  27.605220  0.000e+00
    26.2291    3.29111      1.089  27.605278  0.000e+00
    25.5284    4.25372      1.377  27.605336  0.000e+00
    25.5084    4.46704      1.852  27.605394  0.000e+00
    25.4947    4.49831      2.233  27.605451  0.000e+00
    25.4536    4.51386      2.724  27.605509  0.000e+00
    25.4343    4.52328      3.269  27.605567  0.000e+00
    25.4298    4.55200      3.830  27.605625  0.000e+00
    25.4420    4.60516      4.325  27.605683  0.000e+00
    25.4417    4.69458      4.364  27.605741  0.000e+00
    25.4435    4.73272      4.431  27.605799  0.000e+00
    25.4439    4.74843      4.400  27.605856  0.000e+00
    25.4438    4.75416      4.314  27.605914  0.000e+00
    25.4388    4.72824      4.044  27.605972  0.000e+00
    25.4345    4.72023      3.438  27.606030  0.000e+00
    25.4299    4.67772      2.875  27.606088  0.000e+00
    25.4638    4.56788      2.325  27.606146  0.000e+00
    25.5020    4.50133      1.767  27.606204  0.000e+00
    25.5315    4.45412      1.123  27.606262  0.000e+00
    26.7402    2.56396      0.437  27.606319  0.000e+00
    26.3637    0.28409     -0.035  27.606377  0.000e+00
    24.7392    0.00060     -0.033  27.606435  0.000e+00
    24.1827    0.00006     -0.029  27.606493  0.000e+00
    23.9833    0.00008     -0.029  27.606551  0.000e+00
    23.7310    0.00008     -0.027  27.606609  0.000e+00
    23.5025    0.00008     -0.027  27.606667  0.000e+00
    23.4496    0.00008     -0.026  27.606725  0.000e+00
    23.3910    0.00008     -0.026  27.606782  0.000e+00
    23.2801    0.00008     -0.026  27.606840  0.000e+00
    23.2355    0.00008     -0.026  27.606898  0.000e+00
    23.1412    0.00008     -0.027  27.606956  0.000e+00
    22.9812    0.00008     -0.026  27.607014  0.000e+00
    22.8476    0.00008     -0.026  27.607072  0.000e+00
    22.6487    0.00009     -0.026  27.607130  0.000e+00
    22.5844    0.00009     -0.026  27.607187  0.000e+00
    22.6422    0.00009     -0.026  27.607245  0.000e+00
    22.7546    0.00008     -0.026  27.607303  0.000e+00
    22.8778    0.00008     -0.027  27.607361  0.000e+00
    22.9178    0.00008     -0.027  27.607419  0.000e+00
    22.8962    0.00008     -0.027  27.607477  0.000e+00
    22.8428    0.00008     -0.027  27.607535  0.000e+00
    22.5154    0.00009     -0.027  27.607593  0.000e+00
    22.3187    0.00009     -0.027  27.607650  0.000e+00
    22.4043    0.00008     -0.033  27.607708  0.000e+00
    26.5381    2.70106      0.070  27.607766  0.000e+00
    26.3503    2.77545      0.079  27.607824  0.000e+00
    26.5932    2.30632      0.192  27.607882  0.000e+00
    26.0438    3.12554      0.557  27.607940  0.000e+00
    25.5146    4.28382      0.942  27.607998  0.000e+00
    25.4962    4.39636      1.370  27.608056  0.000e+00
    25.4935    4.62196      1.805  27.608113  0.000e+00
    25.4862    4.73066      2.307  27.608171  0.000e+00
    25.4826    4.76954      2.755  27.608229  0.000e+00
    25.4827    4.78837      3.139  27.608287  0.000e+00
    25.4822    4.80378      3.776  27.608345  0.000e+00
    25.4816    4.80377      4.330  27.608403  0.000e+00
    25.4812    4.81933      4.674  27.608461  0.000e+00
    25.4815    4.82655      5.161  27.608519  0.000e+00
    25.4821    4.83114      5.468  27.608576  0.000e+00
    25.4812    4.83232      5.247  27.608634  0.000e+00
    25.4813    4.83231      5.127  27.608692  0.000e+00
    25.4806    4.83223      4.330  27.608750  0.000e+00
    25.4849    4.82231      3.544  27.608808  0.000e+00
    25.4916    4.81213      2.533  27.608866  0.000e+00
    25.4953    4.77695      1.613  27.608924  0.000e+00
    25.5064    4.65723      0.722  27.608981  0.000e+00
    26.2958    0.83523     -0.029  27.609039  0.000e+00
    24.4174    0.01507     -0.027  27.609097  0.000e+00
    24.4431    0.00007     -0.027  27.609155  0.000e+00
    24.7052    0.00006     -0.027  27.609213  0.000e+00
    24.5280    0.00007     -0.027  27.609271  0.000e+00
    24.2254    0.00007     -0.027  27.609329  0.000e+00
    23.9071    0.00007     -0.026  27.609387  0.000e+00
    23.8227    0.00007     -0.027  27.609444  0.000e+00
    23.7676    0.00008     -0.026  27.609502  0.000e+00
    23.5843    0.00008     -0.026  27.609560  0.000e+00
    23.4111    0.00008     -0.027  27.609618  0.000e+00
    23.3528    0.00008     -0.026  27.609676  0.000e+00
    23.4628    0.00008     -0.027  27.609734  0.000e+00
    23.6042    0.00008     -0.027  27.609792  0.000e+00
    23.7462    0.00008     -0.029  27.609850  0.000e+00
    23.8682    0.00007     -0.029  27.609907  0.000e+00
    24.0326    0.00007     -0.031  27.609965  0.000e+00
    24.1882    0.00007     -0.031  27.610023  0.000e+00
    24.2821    0.00007     -0.031  27.610081  0.000e+00
    24.4401    0.00008     -0.031  27.610139  0.000e+00
    24.4388    0.00007     -0.029  27.610197  0.000e+00
    24.4424    0.00007     -0.033  27.610255  0.000e+00
    24.4823    0.00007     -0.031  27.610312  0.000e+00
    24.4705    0.00008     -0.027  27.610370  0.000e+00
    24.4468    0.00006     -0.027  27.610428  0.000e+00
    24.4932    0.00008     -0.027  27.610486  0.000e+00
    24.5486    0.00008     -0.031  27.610544  0.000e+00
    24.6303    0.00008     -0.031  27.610602  0.000e+00
    24.6136    0.00008     -0.027  27.610660  0.000e+00
    24.5787    0.00008     -0.031  27.610718  0.000e+00
    24.5552    0.00008     -0.033  27.610775  0.000e+00
    24.5121    0.00008     -0.031  27.610833  0.000e+00
    24.5762    0.00008     -0.024  27.610891  0.000e+00
    24.7687    0.00008     -0.031  27.610949  0.000e+00
    24.9927    0.00008     -0.031  27.611007  0.000e+00
    25.1401    0.00008     -0.031  27.611065  0.000e+00
    25.2782    0.00008     -0.031  27.611123  0.000e+00
    25.4451    0.00008     -0.031  27.611181  0.000e+00
    25.1976    0.00008     -0.031  27.611238  0.000e+00
    26.8651    2.48342     -0.022  27.611296  0.000e+00
    26.8765    2.66113      0.115  27.611354  0.000e+00
    26.8851    2.65220      0.152  27.611412  0.000e+00
    26.8886    2.65082      0.519  27.611470  0.000e+00
    26.7563    2.65054      1.057  27.611528  0.000e+00
    25.9077    2.77697      1.318  27.611586  0.000e+00
    25.8269    2.76301      1.654  27.611644  0.000e+00
    25.8000    3.17210      1.677  27.611701  0.000e+00
    25.8118    3.87109      1.501  27.611759  0.000e+00
    25.8090    4.31432      1.456  27.611817  0.000e+00
    25.8931    4.29329      1.053  27.611875  0.000e+00
    26.8347    3.39537      0.512  27.611933  0.000e+00
    26.8880    3.01572      0.176  27.611991  0.000e+00
    25.2723    0.04319     -0.033  27.612049  0.000e+00
    24.4829    0.00006     -0.031  27.612106  0.000e+00
    24.3989    0.00007     -0.033  27.612164  0.000e+00
    24.2659    0.00008     -0.033  27.612222  0.000e+00
    24.1031    0.00008     -0.035  27.612280  0.000e+00
    24.2699    0.00008     -0.036  27.612338  0.000e+00
    24.4665    0.00008     -0.038  27.612396  0.000e+00
    24.6955    0.00008     -0.040  27.612454  0.000e+00
    24.8256    0.00008     -0.038  27.612512  0.000e+00
    24.7947    0.00008     -0.036  27.612569  0.000e+00
    24.7089    0.00008     -0.038  27.612627  0.000e+00
    24.6761    0.00008     -0.036  27.612685  0.000e+00
    24.6892    0.00008     -0.038  27.612743  0.000e+00
    24.7122    0.00008     -0.036  27.612801  0.000e+00
    24.7152    0.00008     -0.038  27.612859  0.000e+00
    24.7429    0.00008     -0.042  27.612917  0.000e+00
    24.7897    0.00008     -0.040  27.612975  0.000e+00
    24.8723    0.00008     -0.040  27.613032  0.000e+00
    24.9373    0.00008     -0.038  27.613090  0.000e+00
    24.9420    0.00008     -0.038  27.613148  0.000e+00
    24.9715    0.00008     -0.042  27.613206  0.000e+00
    24.9996    0.00008     -0.040  27.613264  0.000e+00
    25.0007    0.00008     -0.042  27.613322  0.000e+00
    24.9922    0.00008     -0.042  27.613380  0.000e+00
    25.0071    0.00008     -0.042  27.613438  0.000e+00
    25.0428    0.00008     -0.044  27.613495  0.000e+00
    25.0681    0.00008     -0.040  27.613553  0.000e+00
    25.0968    0.00008     -0.044  27.613611  0.000e+00
    25.1047    0.00008     -0.045  27.613669  0.000e+00
    25.1042    0.00008     -0.042  27.613727  0.000e+00
    24.9998    0.00009     -0.044  27.613785  0.000e+00
    24.9191    0.00009     -0.042  27.613843  0.000e+00
    24.9048    0.00008     -0.042  27.613900  0.000e+00
    24.9108    0.00008     -0.044  27.613958  0.000e+00
    24.9362    0.00009     -0.042  27.614016  0.000e+00
    24.9414    0.00008     -0.040  27.614074  0.000e+00
    24.9218    0.00008     -0.040  27.614132  0.000e+00
    24.9306    0.00008     -0.040  27.614190  0.000e+00
    25.0949    0.00008     -0.044  27.614248  0.000e+00
    25.2408    0.00009     -0.042  27.614306  0.000e+00
    25.2527    0.00008     -0.044  27.614363  0.000e+00
    25.2467    0.00008     -0.044  27.614421  0.000e+00
    25.3351    0.00008     -0.042  27.614479  0.000e+00
    25.4542    0.00009     -0.044  27.614537  0.000e+00
    25.5958    0.00008     -0.045  27.614595  0.000e+00
    25.6575    0.00008     -0.044  27.614653  0.000e+00
    25.7132    0.00008     -0.044  27.614711  0.000e+00
    25.7967    0.00008     -0.045  27.614769  0.000e+00
    25.8367    0.00008     -0.044  27.614826  0.000e+00
    25.7946    0.00008     -0.045  27.614884  0.000e+00
    25.7977    0.00008     -0.042  27.614942  0.000e+00
    25.8092    0.00008     -0.044  27.615000  0.000e+00
    25.7675    0.00008     -0.045  27.615058  0.000e+00
    25.7166    0.00008     -0.044  27.615116  0.000e+00
    25.7671    0.00008     -0.042  27.615174  0.000e+00
    25.7990    0.00008     -0.044  27.615231  0.000e+00
    25.7757    0.00008     -0.047  27.615289  0.000e+00
    25.7885    0.00008     -0.044  27.615347  0.000e+00
    25.7774    0.00007     -0.042  27.615405  0.000e+00
    25.6718    0.00009     -0.044  27.615463  0.000e+00
    25.5437    0.00009     -0.044  27.615521  0.000e+00
    25.5397    0.00009     -0.045  27.615579  0.000e+00
    25.5681    0.00008     -0.047  27.615637  0.000e+00
    25.6404    0.00008     -0.044  27.615694  0.000e+00
    25.5765    0.00009     -0.044  27.615752  0.000e+00
    25.5361    0.00008     -0.047  27.615810  0.000e+00
    25.6220    0.00008     -0.036  27.615868  0.000e+00
    25.7066    0.00009     -0.040  27.615926  0.000e+00
    25.8880    0.00009     -0.038  27.615984  0.000e+00
    26.0802    0.00009     -0.040  27.616042  0.000e+00
    26.2833    0.00008     -0.042  27.616100  0.000e+00
    26.4608    0.00008     -0.040  27.616157  0.000e+00
    26.6720    0.00008     -0.040  27.616215  0.000e+00
    26.8028    0.00008     -0.042  27.616273  0.000e+00
    26.8578    0.00008     -0.038  27.616331  0.000e+00
    26.9358    0.00008     -0.040  27.616389  0.000e+00
    26.8922    0.00009     -0.038  27.616447  0.000e+00
    26.8910    0.00008     -0.038  27.616505  0.000e+00
    26.7834    0.00009     -0.038  27.616562  0.000e+00
    26.8275    0.00008     -0.036  27.616620  0.000e+00
    26.7783    0.00007     -0.040  27.616678  0.000e+00
    26.6247    3.22473     -0.011  27.616736  0.000e+00
    26.6593    4.25599      0.030  27.616794  0.000e+00
    26.6593    4.26159      0.100  27.616852  0.000e+00
    26.6684    4.25861     -0.009  27.616910  0.000e+00
