data/raw/27-01-17/stations_27-01-2017.asc
* Sea-Bird SBE37 Data File:
* FileName = C:\Documents and Settings\Usuário(a)\Desktop\CTD_LAGOA\stations_27-01-2017.asc
* Software Version 1.59
* Temperature SN = 2603
* Conductivity SN = 2603
* System UpLoad Time = Jan 27 2017 18:39:39
* ds
* SBE37-SM V 2.2  SERIAL NO. 2603    27 Jan 2017  18:12:28
*END*
[from data line 3453]
 25.6259, 0.00008,   -0.044, 27 Jan 2017, 15:37:51
 25.6628, 0.00008,   -0.044, 27 Jan 2017, 15:37:56
 25.7352, 0.00008,   -0.045, 27 Jan 2017, 15:38:01
 25.7642, 0.00008,   -0.044, 27 Jan 2017, 15:38:06
 25.7769, 0.00008,   -0.045, 27 Jan 2017, 15:38:11
 25.7296, 0.00008,   -0.045, 27 Jan 2017, 15:38:16
 25.7074, 0.00008,   -0.044, 27 Jan 2017, 15:38:21
 25.6340, 0.00008,   -0.044, 27 Jan 2017, 15:38:26
 25.6403, 0.00008,   -0.044, 27 Jan 2017, 15:38:31
 25.6625, 0.00008,   -0.044, 27 Jan 2017, 15:38:36
 25.6662, 0.00008,   -0.044, 27 Jan 2017, 15:38:41
 25.6752, 0.00008,   -0.044, 27 Jan 2017, 15:38:46
 25.7325, 0.00008,   -0.044, 27 Jan 2017, 15:38:51
 25.7071, 0.00008,   -0.044, 27 Jan 2017, 15:38:56
 25.6490, 0.00008,   -0.044, 27 Jan 2017, 15:39:01
 25.6661, 0.00009,   -0.044, 27 Jan 2017, 15:39:06
 25.6792, 0.00008,   -0.044, 27 Jan 2017, 15:39:11
 25.6401, 0.00008,   -0.042, 27 Jan 2017, 15:39:16
 25.6046, 0.00008,   -0.045, 27 Jan 2017, 15:39:21
 25.4111, 0.00008,   -0.044, 27 Jan 2017, 15:39:26
 25.3553, 0.00008,   -0.044, 27 Jan 2017, 15:39:31
 25.3087, 0.00008,   -0.044, 27 Jan 2017, 15:39:36
 25.2751, 0.00008,   -0.045, 27 Jan 2017, 15:39:41
 25.2819, 0.00009,   -0.044, 27 Jan 2017, 15:39:46
 25.3689, 0.00009,   -0.044, 27 Jan 2017, 15:39:51
 25.4258, 0.00008,   -0.044, 27 Jan 2017, 15:39:56
 25.4630, 0.00008,   -0.045, 27 Jan 2017, 15:40:01
 25.4635, 0.00008,   -0.044, 27 Jan 2017, 15:40:06
 25.4895, 0.00008,   -0.044, 27 Jan 2017, 15:40:11
 25.4762, 0.00008,   -0.044, 27 Jan 2017, 15:40:16
 25.5151, 0.00008,   -0.044, 27 Jan 2017, 15:40:21
 25.5220, 0.00008,   -0.045, 27 Jan 2017, 15:40:26
 25.4306, 0.00008,   -0.044, 27 Jan 2017, 15:40:31
 25.3652, 0.00008,   -0.044, 27 Jan 2017, 15:40:36
 25.4017, 0.00008,   -0.044, 27 Jan 2017, 15:40:41
 25.3827, 0.00008,   -0.044, 27 Jan 2017, 15:40:46
 25.3691, 0.00007,   -0.044, 27 Jan 2017, 15:40:51
 25.4234, 0.00008,   -0.044, 27 Jan 2017, 15:40:56
 25.4299, 0.00008,   -0.044, 27 Jan 2017, 15:41:01
 25.4607, 0.00008,   -0.044, 27 Jan 2017, 15:41:06
 25.4000, 0.00008,   -0.044, 27 Jan 2017, 15:41:11
 25.4469, 0.00008,   -0.042, 27 Jan 2017, 15:41:16
 25.5216, 0.00008,   -0.044, 27 Jan 2017, 15:41:21
 25.5114, 0.00007,   -0.044, 27 Jan 2017, 15:41:26
 25.4424, 0.00008,   -0.044, 27 Jan 2017, 15:41:31
 25.3459, 0.00008,   -0.042, 27 Jan 2017, 15:41:36
 25.2972, 0.00008,   -0.044, 27 Jan 2017, 15:41:41
 25.2849, 0.00008,   -0.044, 27 Jan 2017, 15:41:46
 25.2688, 0.00008,   -0.044, 27 Jan 2017, 15:41:51
 25.2845, 0.00008,   -0.042, 27 Jan 2017, 15:41:56
 25.2141, 0.00008,   -0.044, 27 Jan 2017, 15:42:01
 25.2628, 0.00008,   -0.042, 27 Jan 2017, 15:42:06
 25.2766, 0.00008,   -0.044, 27 Jan 2017, 15:42:11
 25.3247, 0.00008,   -0.044, 27 Jan 2017, 15:42:16
 25.4411, 0.00009,   -0.042, 27 Jan 2017, 15:42:21
 25.5473, 0.00009,   -0.044, 27 Jan 2017, 15:42:26
 25.6032, 0.00009,   -0.044, 27 Jan 2017, 15:42:31
 25.6531, 0.00009,   -0.044, 27 Jan 2017, 15:42:36
 25.7186, 0.00009,   -0.042, 27 Jan 2017, 15:42:41
 25.7932, 0.00009,   -0.044, 27 Jan 2017, 15:42:46
 25.8311, 0.00009,   -0.044, 27 Jan 2017, 15:42:51
 25.8589, 0.00009,   -0.044, 27 Jan 2017, 15:42:56
 25.9184, 0.00009,   -0.044, 27 Jan 2017, 15:43:01
 25.9204, 0.00009,   -0.042, 27 Jan 2017, 15:43:06
 25.9714, 0.00008,   -0.044, 27 Jan 2017, 15:43:11
 25.9893, 0.00009,   -0.042, 27 Jan 2017, 15:43:16
 26.0344, 0.00009,   -0.044, 27 Jan 2017, 15:43:21
 26.0835, 0.00009,   -0.044, 27 Jan 2017, 15:43:26
 26.1530, 0.00009,   -0.042, 27 Jan 2017, 15:43:31
 26.2275, 0.00008,   -0.044, 27 Jan 2017, 15:43:36
 26.2571, 0.00009,   -0.044, 27 Jan 2017, 15:43:41
 26.3281, 0.00009,   -0.044, 27 Jan 2017, 15:43:46
 26.4320, 0.00008,   -0.044, 27 Jan 2017, 15:43:51
 26.4023, 0.00009,   -0.044, 27 Jan 2017, 15:43:56
 26.3448, 0.00009,   -0.044, 27 Jan 2017, 15:44:01
 26.3711, 0.00009,   -0.042, 27 Jan 2017, 15:44:06
 26.3750, 0.00009,   -0.042, 27 Jan 2017, 15:44:11
 26.4120, 0.00009,   -0.044, 27 Jan 2017, 15:44:16
 26.4497, 0.00009,   -0.042, 27 Jan 2017, 15:44:21
 26.4823, 0.00009,   -0.042, 27 Jan 2017, 15:44:26
 26.5010, 0.00009,   -0.044, 27 Jan 2017, 15:44:31
 26.5431, 0.00009,   -0.042, 27 Jan 2017, 15:44:36
 26.6182, 0.00009,   -0.042, 27 Jan 2017, 15:44:41
 26.6218, 0.00009,   -0.042, 27 Jan 2017, 15:44:46
 26.6602, 0.00009,   -0.042, 27 Jan 2017, 15:44:51
 26.7364, 0.00009,   -0.042, 27 Jan 2017, 15:44:56
 26.8230, 0.00009,   -0.042, 27 Jan 2017, 15:45:01
 26.9053, 0.00009,   -0.042, 27 Jan 2017, 15:45:06
 26.9482, 0.00009,   -0.042, 27 Jan 2017, 15:45:11
 26.9244, 0.00009,   -0.042, 27 Jan 2017, 15:45:16
 26.9162, 0.00009,   -0.042, 27 Jan 2017, 15:45:21
 26.9519, 0.00009,   -0.042, 27 Jan 2017, 15:45:26
 26.9102, 0.00009,   -0.042, 27 Jan 2017, 15:45:31
 26.8715, 0.00009,   -0.040, 27 Jan 2017, 15:45:36
 26.8020, 0.00009,   -0.044, 27 Jan 2017, 15:45:41
 26.8114, 0.00009,   -0.042, 27 Jan 2017, 15:45:46
 26.7954, 0.00009,   -0.044, 27 Jan 2017, 15:45:51
 26.8052, 0.00009,   -0.044, 27 Jan 2017, 15:45:56
 26.8057, 0.00009,   -0.044, 27 Jan 2017, 15:46:01
 26.7595, 0.00009,   -0.044, 27 Jan 2017, 15:46:06
 26.6853, 0.00009,   -0.042, 27 Jan 2017, 15:46:11
 26.5703, 0.00009,   -0.044, 27 Jan 2017, 15:46:16
 26.5072, 0.00008,   -0.042, 27 Jan 2017, 15:46:21
 26.5608, 0.00009,   -0.042, 27 Jan 2017, 15:46:26
 26.5853, 0.00009,   -0.044, 27 Jan 2017, 15:46:31
 26.5871, 0.00009,   -0.044, 27 Jan 2017, 15:46:36
 26.5543, 0.00009,   -0.042, 27 Jan 2017, 15:46:41
 26.5412, 0.00009,   -0.042, 27 Jan 2017, 15:46:46
 26.5045, 0.00009,   -0.044, 27 Jan 2017, 15:46:51
 26.5027, 0.00009,   -0.044, 27 Jan 2017, 15:46:56
 26.4787, 0.00009,   -0.044, 27 Jan 2017, 15:47:01
 26.4713, 0.00009,   -0.044, 27 Jan 2017, 15:47:06
 26.3765, 0.00008,   -0.040, 27 Jan 2017, 15:47:11
 26.2631, 0.00009,   -0.038, 27 Jan 2017, 15:47:16
 26.2090, 0.00008,   -0.038, 27 Jan 2017, 15:47:21
 26.0414, 0.00008,   -0.038, 27 Jan 2017, 15:47:26
 26.0420, 0.00008,   -0.038, 27 Jan 2017, 15:47:31
 25.9891, 0.00008,   -0.038, 27 Jan 2017, 15:47:36
 25.9937, 0.00008,   -0.038, 27 Jan 2017, 15:47:41
 26.0052, 0.00009,   -0.040, 27 Jan 2017, 15:47:46
 26.0678, 0.00009,   -0.038, 27 Jan 2017, 15:47:51
 26.1042, 0.00009,   -0.038, 27 Jan 2017, 15:47:56
 26.0908, 0.00009,   -0.038, 27 Jan 2017, 15:48:01
 26.0694, 0.00008,   -0.036, 27 Jan 2017, 15:48:06
 25.9833, 0.00008,   -0.038, 27 Jan 2017, 15:48:11
 26.0099, 0.00009,   -0.038, 27 Jan 2017, 15:48:16
 25.9797, 0.00008,   -0.036, 27 Jan 2017, 15:48:21
 25.9615, 0.00008,   -0.038, 27 Jan 2017, 15:48:26
 25.9884, 0.00008,   -0.036, 27 Jan 2017, 15:48:31
 26.0438, 0.00009,   -0.036, 27 Jan 2017, 15:48:36
 25.9955, 0.00009,   -0.036, 27 Jan 2017, 15:48:41
 25.9719, 0.00008,   -0.036, 27 Jan 2017, 15:48:46
 25.9977, 0.00009,   -0.036, 27 Jan 2017, 15:48:51
 25.9056, 0.00008,   -0.035, 27 Jan 2017, 15:48:56
 25.8743, 0.00008,   -0.036, 27 Jan 2017, 15:49:01
 25.8304, 0.00008,   -0.035, 27 Jan 2017, 15:49:06
 25.8622, 0.00008,   -0.036, 27 Jan 2017, 15:49:11
 25.9233, 0.00008,   -0.036, 27 Jan 2017, 15:49:16
 25.9568, 0.00008,   -0.036, 27 Jan 2017, 15:49:21
 26.0305, 0.00009,   -0.036, 27 Jan 2017, 15:49:26
 26.1280, 0.00009,   -0.036, 27 Jan 2017, 15:49:31
 26.1603, 0.00009,   -0.036, 27 Jan 2017, 15:49:36
 26.1634, 0.00009,   -0.036, 27 Jan 2017, 15:49:41
 26.2319, 0.00009,   -0.036, 27 Jan 2017, 15:49:46
 26.1948, 0.00009,   -0.035, 27 Jan 2017, 15:49:51
 26.1811, 0.00009,   -0.035, 27 Jan 2017, 15:49:56
 26.1982, 0.00009,   -0.035, 27 Jan 2017, 15:50:01
 26.2546, 0.00009,   -0.036, 27 Jan 2017, 15:50:06
 26.3302, 0.00009,   -0.036, 27 Jan 2017, 15:50:11
 26.4051, 0.00009,   -0.036, 27 Jan 2017, 15:50:16
 26.4032, 0.00009,   -0.036, 27 Jan 2017, 15:50:21
 26.4068, 0.00009,   -0.036, 27 Jan 2017, 15:50:26
 26.4871, 0.00009,   -0.036, 27 Jan 2017, 15:50:31
 26.5544, 0.00009,   -0.036, 27 Jan 2017, 15:50:36
 26.5656, 0.00009,   -0.036, 27 Jan 2017, 15:50:41
 26.5540, 0.00009,   -0.036, 27 Jan 2017, 15:50:46
 26.5773, 0.00009,   -0.036, 27 Jan 2017, 15:50:51
 26.4086, 0.00009,   -0.036, 27 Jan 2017, 15:50:56
 26.4056, 0.00009,   -0.036, 27 Jan 2017, 15:51:01
 26.1968, 0.13019,   -0.036, 27 Jan 2017, 15:51:06
 27.4535, 3.76696,    0.075, 27 Jan 2017, 15:51:11
 27.4576, 3.94797,    0.251, 27 Jan 2017, 15:51:16
 27.4395, 3.95000,    0.293, 27 Jan 2017, 15:51:21
 27.4048, 3.95801,    0.113, 27 Jan 2017, 15:51:26
 27.2105, 3.97409,    0.462, 27 Jan 2017, 15:51:31
 26.2476, 4.10362,    0.830, 27 Jan 2017, 15:51:36
 26.1276, 4.18515,    0.708, 27 Jan 2017, 15:51:41
 26.8342, 4.16246,    0.460, 27 Jan 2017, 15:51:46
 27.0436, 0.38053,   -0.031, 27 Jan 2017, 15:51:51
 24.8200, 0.01070,   -0.031, 27 Jan 2017, 15:51:56
 24.4543, 0.00007,   -0.033, 27 Jan 2017, 15:52:01
 24.1784, 0.00008,   -0.031, 27 Jan 2017, 15:52:06
 24.1000, 0.00008,   -0.033, 27 Jan 2017, 15:52:11
 23.8452, 0.00008,   -0.033, 27 Jan 2017, 15:52:16
 23.7678, 0.00008,   -0.035, 27 Jan 2017, 15:52:21
 23.8841, 0.00008,   -0.033, 27 Jan 2017, 15:52:26
 23.9261, 0.00008,   -0.033, 27 Jan 2017, 15:52:31
 24.0055, 0.00008,   -0.035, 27 Jan 2017, 15:52:36
 24.0463, 0.00008,   -0.035, 27 Jan 2017, 15:52:41
 24.0529, 0.00008,   -0.035, 27 Jan 2017, 15:52:46
 24.1729, 0.00008,   -0.035, 27 Jan 2017, 15:52:51
 24.1645, 0.00008,   -0.035, 27 Jan 2017, 15:52:56
 24.0864, 0.00008,   -0.035, 27 Jan 2017, 15:53:01
 24.0999, 0.00008,   -0.035, 27 Jan 2017, 15:53:06
 24.0164, 0.00008,   -0.035, 27 Jan 2017, 15:53:11
 24.0079, 0.00008,   -0.035, 27 Jan 2017, 15:53:16
 24.0076, 0.00008,   -0.035, 27 Jan 2017, 15:53:21
 24.0127, 0.00008,   -0.035, 27 Jan 2017, 15:53:26
 24.0595, 0.00008,   -0.035, 27 Jan 2017, 15:53:31
 24.1985, 0.00008,   -0.036, 27 Jan 2017, 15:53:36
 24.2910, 0.00008,   -0.035, 27 Jan 2017, 15:53:41
 24.2809, 0.00008,   -0.035, 27 Jan 2017, 15:53:46
 24.3739, 0.00007,   -0.036, 27 Jan 2017, 15:53:51
 24.4177, 0.00008,   -0.035, 27 Jan 2017, 15:53:56
 24.4416, 0.00008,   -0.036, 27 Jan 2017, 15:54:01
 24.6620, 0.00008,   -0.035, 27 Jan 2017, 15:54:06
 25.0622, 0.00008,   -0.036, 27 Jan 2017, 15:54:11
 25.2220, 0.00007,   -0.036, 27 Jan 2017, 15:54:16
 25.2746, 0.00007,   -0.036, 27 Jan 2017, 15:54:21
 25.1537, 0.00008,   -0.036, 27 Jan 2017, 15:54:26
 25.1775, 0.00008,   -0.036, 27 Jan 2017, 15:54:31
 25.1860, 0.00008,   -0.035, 27 Jan 2017, 15:54:36
 25.3205, 0.00007,   -0.035, 27 Jan 2017, 15:54:41
 25.4548, 0.00008,   -0.035, 27 Jan 2017, 15:54:46
 25.6360, 0.00008,   -0.035, 27 Jan 2017, 15:54:51
 25.6320, 0.00007,   -0.035, 27 Jan 2017, 15:54:56
 25.8306, 0.00008,   -0.033, 27 Jan 2017, 15:55:01
 26.0858, 0.00008,   -0.035, 27 Jan 2017, 15:55:06
 26.2697, 0.00008,   -0.035, 27 Jan 2017, 15:55:11
 26.2641, 0.00008,   -0.035, 27 Jan 2017, 15:55:16
 26.3603, 0.00008,   -0.035, 27 Jan 2017, 15:55:21
 26.3092, 0.00008,   -0.033, 27 Jan 2017, 15:55:26
 26.1164, 0.00008,   -0.033, 27 Jan 2017, 15:55:31
 26.1046, 0.00008,   -0.031, 27 Jan 2017, 15:55:36
 26.2600, 0.00008,   -0.033, 27 Jan 2017, 15:55:41
 26.5023, 0.00008,   -0.033, 27 Jan 2017, 15:55:46
 26.8308, 0.00008,   -0.033, 27 Jan 2017, 15:55:51
 27.1991, 0.00008,   -0.033, 27 Jan 2017, 15:55:56
 27.4685, 0.00008,   -0.035, 27 Jan 2017, 15:56:01
 27.6192, 0.00008,   -0.035, 27 Jan 2017, 15:56:06
 27.8042, 0.00008,   -0.035, 27 Jan 2017, 15:56:11
 27.8635, 0.00008,   -0.035, 27 Jan 2017, 15:56:16
 27.8335, 0.00008,   -0.035, 27 Jan 2017, 15:56:21
 27.8099, 0.00008,   -0.036, 27 Jan 2017, 15:56:26
 27.8840, 0.00008,   -0.035, 27 Jan 2017, 15:56:31
 27.9754, 0.00008,   -0.035, 27 Jan 2017, 15:56:36
 28.1815, 0.00008,   -0.036, 27 Jan 2017, 15:56:41
 28.3020, 0.00008,   -0.035, 27 Jan 2017, 15:56:46
 28.2211, 0.00008,   -0.035, 27 Jan 2017, 15:56:51
 28.1837, 0.00008,   -0.035, 27 Jan 2017, 15:56:56
 28.1758, 0.00008,   -0.035, 27 Jan 2017, 15:57:01
 28.1240, 0.00008,   -0.035, 27 Jan 2017, 15:57:06
 27.9709, 0.00008,   -0.035, 27 Jan 2017, 15:57:11
 27.7409, 0.00008,   -0.035, 27 Jan 2017, 15:57:16
 27.6376, 0.00008,   -0.035, 27 Jan 2017, 15:57:21
 27.5677, 0.00008,   -0.033, 27 Jan 2017, 15:57:26
 27.4712, 0.00008,   -0.035, 27 Jan 2017, 15:57:31
 27.4153, 0.00009,   -0.035, 27 Jan 2017, 15:57:36
 27.3984, 0.00009,   -0.036, 27 Jan 2017, 15:57:41
 27.5287, 0.00009,   -0.036, 27 Jan 2017, 15:57:46
 27.6554, 0.00008,   -0.036, 27 Jan 2017, 15:57:51
 27.5939, 0.00008,   -0.038, 27 Jan 2017, 15:57:56
 27.5857, 0.00009,   -0.036, 27 Jan 2017, 15:58:01
 27.6299, 0.00009,   -0.038, 27 Jan 2017, 15:58:06
 27.5821, 0.00008,   -0.038, 27 Jan 2017, 15:58:11
 27.5651, 0.00008,   -0.038, 27 Jan 2017, 15:58:16
 27.4764, 0.00008,   -0.036, 27 Jan 2017, 15:58:21
 27.4523, 0.00008,   -0.038, 27 Jan 2017, 15:58:26
 27.5462, 0.00008,   -0.038, 27 Jan 2017, 15:58:31
 27.6357, 0.00008,   -0.036, 27 Jan 2017, 15:58:36
 27.7381, 0.00008,   -0.038, 27 Jan 2017, 15:58:41
 27.9017, 0.00008,   -0.040, 27 Jan 2017, 15:58:46
 28.1720, 0.00008,   -0.040, 27 Jan 2017, 15:58:51
 28.3336, 0.00008,   -0.042, 27 Jan 2017, 15:58:56
 28.4643, 0.00008,   -0.042, 27 Jan 2017, 15:59:01
 28.6000, 0.00008,   -0.042, 27 Jan 2017, 15:59:06
 28.6808, 0.00008,   -0.044, 27 Jan 2017, 15:59:11
 28.7056, 0.00008,   -0.044, 27 Jan 2017, 15:59:16
 28.7309, 0.00008,   -0.042, 27 Jan 2017, 15:59:21
 28.7393, 0.00008,   -0.042, 27 Jan 2017, 15:59:26
 28.6914, 0.00007,   -0.042, 27 Jan 2017, 15:59:31
 28.8251, 0.00008,   -0.044, 27 Jan 2017, 15:59:36
 28.8196, 0.00008,   -0.045, 27 Jan 2017, 15:59:41
 28.8774, 0.00008,   -0.044, 27 Jan 2017, 15:59:46
 29.0315, 0.00006,   -0.045, 27 Jan 2017, 15:59:51
 29.1657, 0.00006,   -0.045, 27 Jan 2017, 15:59:56
 29.2781, 0.00007,   -0.044, 27 Jan 2017, 16:00:01
 29.3688, 0.00007,   -0.045, 27 Jan 2017, 16:00:06
 29.4774, 0.00007,   -0.044, 27 Jan 2017, 16:00:11
 29.5311, 0.00006,   -0.044, 27 Jan 2017, 16:00:16
 29.5839, 0.00006,   -0.044, 27 Jan 2017, 16:00:21
 29.5148, 0.00006,   -0.044, 27 Jan 2017, 16:00:26
 29.6435, 0.00006,   -0.044, 27 Jan 2017, 16:00:31
 29.6709, 0.00006,   -0.044, 27 Jan 2017, 16:00:36
 29.7493, 0.00006,   -0.044, 27 Jan 2017, 16:00:41
 29.6129, 0.00006,   -0.044, 27 Jan 2017, 16:00:46
 29.5900, 0.00006,   -0.044, 27 Jan 2017, 16:00:51
 29.4410, 0.00007,   -0.044, 27 Jan 2017, 16:00:56
 29.3070, 0.00006,   -0.044, 27 Jan 2017, 16:01:01
 29.1607, 0.00007,   -0.042, 27 Jan 2017, 16:01:06
 29.2506, 0.00007,   -0.044, 27 Jan 2017, 16:01:11
 29.2022, 0.00007,   -0.042, 27 Jan 2017, 16:01:16
 29.2486, 0.00007,   -0.042, 27 Jan 2017, 16:01:21
 29.3070, 0.00007,   -0.042, 27 Jan 2017, 16:01:26
 29.3319, 0.00007,   -0.042, 27 Jan 2017, 16:01:31
 29.4426, 0.00007,   -0.042, 27 Jan 2017, 16:01:36
 29.5153, 0.00006,   -0.042, 27 Jan 2017, 16:01:41
 29.5702, 0.00006,   -0.044, 27 Jan 2017, 16:01:46
 29.7121, 0.00006,   -0.044, 27 Jan 2017, 16:01:51
 29.5317, 0.00007,   -0.042, 27 Jan 2017, 16:01:56
 29.3759, 0.00007,   -0.042, 27 Jan 2017, 16:02:01
 29.2945, 0.00007,   -0.042, 27 Jan 2017, 16:02:06
 29.3652, 0.00007,   -0.042, 27 Jan 2017, 16:02:11
 29.2356, 0.00007,   -0.042, 27 Jan 2017, 16:02:16
 28.8362, 0.00007,   -0.040, 27 Jan 2017, 16:02:21
 28.4496, 0.00007,   -0.040, 27 Jan 2017, 16:02:26
 28.1875, 0.00007,   -0.038, 27 Jan 2017, 16:02:31
 27.9180, 0.00007,   -0.038, 27 Jan 2017, 16:02:36
 27.7130, 0.00007,   -0.038, 27 Jan 2017, 16:02:41
 27.6262, 0.00007,   -0.038, 27 Jan 2017, 16:02:46
 27.5419, 0.00007,   -0.038, 27 Jan 2017, 16:02:51
 27.7234, 0.00007,   -0.040, 27 Jan 2017, 16:02:56
 27.8997, 0.00007,   -0.038, 27 Jan 2017, 16:03:01
 28.0400, 0.00007,   -0.038, 27 Jan 2017, 16:03:06
 28.0285, 0.00007,   -0.040, 27 Jan 2017, 16:03:11
 28.0282, 0.00007,   -0.040, 27 Jan 2017, 16:03:16
 28.1180, 0.00007,   -0.040, 27 Jan 2017, 16:03:21
 28.2917, 0.00007,   -0.040, 27 Jan 2017, 16:03:26
 28.4119, 0.00007,   -0.040, 27 Jan 2017, 16:03:31
 28.5932, 0.00007,   -0.042, 27 Jan 2017, 16:03:36
 28.6759, 0.00007,   -0.042, 27 Jan 2017, 16:03:41
 28.7819, 0.00007,   -0.042, 27 Jan 2017, 16:03:46
