data/raw/08-07-17/stations_08_07_2017.cnv
* Sea-Bird SBE37 Data File:
* FileName = D:\Prof-Arnaldo\CTD_LAGOA_07_2017\08_07_2017.asc
* Software Version 1.59
* Temperature SN = 2603
* Conductivity SN = 2603
* System UpLoad Time = Jul 08 2017 18:38:25
* ds
* SBE37-SM V 2.2  SERIAL NO. 2603    08 Jul 2017  18:37:02
# nquan = 5
# nvalues =     3138
# units = metric
# name 0 = t090: temperature, ITS-90 [deg C]
# name 1 = c0S/m: conductivity [S/m]
# name 2 = pr: pressure [db]
# name 3 = timeJ: time [julian days]
# name 4 = flag:  0.000e+00
# span 0 = 18.0497, 25.4045           
# span 1 = 0.00004, 4.54369           
# span 2 = 0.001, 7.173               
# span 3 = 189.593889, 189.775440     
# span 4 = 0.000e+00, 0.000e+00       
# interval = seconds: 5
# start_time = Jul 08 2017 14:15:12
# bad_flag = -9.990e-29
*END*
[from data line 1143]
    20.4417    0.00009      0.005 189.660046  0.000e+00
    20.4818    0.00009      0.005 189.660104  0.000e+00
    20.4187    0.00009      0.007 189.660162  0.000e+00
    20.3860    0.00009      0.008 189.660220  0.000e+00
    20.5712    0.00009      0.007 189.660278  0.000e+00
    20.5278    0.00009      0.007 189.660336  0.000e+00
    20.5245    0.00009      0.005 189.660394  0.000e+00
    20.5692    0.00009      0.005 189.660451  0.000e+00
    20.5626    0.00009      0.005 189.660509  0.000e+00
    20.6537    0.00009      0.005 189.660567  0.000e+00
    20.9435    0.00009      0.003 189.660625  0.000e+00
    21.1409    0.00116      0.005 189.660683  0.000e+00
    21.3373    0.00012      0.007 189.660741  0.000e+00
    21.4803    0.00010      0.003 189.660799  0.000e+00
    21.6087    0.00010      0.003 189.660856  0.000e+00
    21.6985    0.00009      0.001 189.660914  0.000e+00
    21.7996    0.00010      0.003 189.660972  0.000e+00
    21.8485    0.00010      0.003 189.661030  0.000e+00
    21.9461    0.00010      0.005 189.661088  0.000e+00
    22.1144    0.00009      0.001 189.661146  0.000e+00
    21.8810    0.00010      0.003 189.661204  0.000e+00
    21.4519    0.00010      0.003 189.661262  0.000e+00
    21.1246    0.00010      0.003 189.661319  0.000e+00
    20.8080    0.00010      0.007 189.661377  0.000e+00
    20.6924    0.00010      0.007 189.661435  0.000e+00
    20.5254    0.00010      0.008 189.661493  0.000e+00
    19.4619    2.49985      0.028 189.661551  0.000e+00
    19.5862    3.91402      0.383 189.661609  0.000e+00
    19.5813    3.91204      0.395 189.661667  0.000e+00
    19.5795    3.91699      0.357 189.661725  0.000e+00
    19.5756    3.91629      0.363 189.661782  0.000e+00
    19.5667    3.89811      0.230 189.661840  0.000e+00
    19.5660    3.89934      0.190 189.661898  0.000e+00
    19.5664    3.89889      0.217 189.661956  0.000e+00
    19.5591    3.89481      0.097 189.662014  0.000e+00
    19.5623    3.89571      0.097 189.662072  0.000e+00
    19.4838    0.94462      0.030 189.662130  0.000e+00
    19.1105    0.05341      0.016 189.662187  0.000e+00
    18.9127    0.00012      0.025 189.662245  0.000e+00
    18.9396    0.00010      0.023 189.662303  0.000e+00
    19.0154    0.00010      0.023 189.662361  0.000e+00
    19.0039    0.00011      0.023 189.662419  0.000e+00
    19.0443    0.00012      0.023 189.662477  0.000e+00
    19.0064    0.00015      0.023 189.662535  0.000e+00
    19.0357    0.00011      0.021 189.662593  0.000e+00
    19.0614    0.00010      0.023 189.662650  0.000e+00
    19.1335    0.00010      0.021 189.662708  0.000e+00
    19.1121    0.00009      0.023 189.662766  0.000e+00
    19.3645    0.00009      0.021 189.662824  0.000e+00
    19.4291    0.00011      0.023 189.662882  0.000e+00
    19.3589    0.00011      0.025 189.662940  0.000e+00
    19.3522    0.00011      0.025 189.662998  0.000e+00
    19.3284    0.00012      0.025 189.663056  0.000e+00
    19.3352    0.00011      0.025 189.663113  0.000e+00
    19.3456    0.00011      0.028 189.663171  0.000e+00
    19.4007    0.00011      0.026 189.663229  0.000e+00
    19.4360    0.00011      0.025 189.663287  0.000e+00
    19.4355    0.00011      0.026 189.663345  0.000e+00
    19.4647    0.00010      0.028 189.663403  0.000e+00
    19.5040    0.00010      0.030 189.663461  0.000e+00
    19.5504    0.00010      0.028 189.663519  0.000e+00
    19.5918    0.00011      0.028 189.663576  0.000e+00
    19.6231    0.00010      0.026 189.663634  0.000e+00
    19.6725    0.00010      0.028 189.663692  0.000e+00
    19.7276    0.00010      0.028 189.663750  0.000e+00
    19.7563    0.00010      0.026 189.663808  0.000e+00
    19.7714    0.00010      0.028 189.663866  0.000e+00
    19.7759    0.00010      0.028 189.663924  0.000e+00
    19.7919    0.00010      0.028 189.663981  0.000e+00
    19.8441    0.00010      0.028 189.664039  0.000e+00
    19.8552    0.00010      0.028 189.664097  0.000e+00
    19.8740    0.00010      0.030 189.664155  0.000e+00
    19.8888    0.00010      0.030 189.664213  0.000e+00
    19.9357    0.00010      0.030 189.664271  0.000e+00
    19.9549    0.00010      0.028 189.664329  0.000e+00
    20.0207    0.00010      0.026 189.664387  0.000e+00
    20.0416    0.00010      0.026 189.664444  0.000e+00
    20.0741    0.00010      0.030 189.664502  0.000e+00
    20.0886    0.00010      0.025 189.664560  0.000e+00
    20.0959    0.00579      0.021 189.664618  0.000e+00
    20.0820    0.00233      0.023 189.664676  0.000e+00
    20.0677    0.00008      0.032 189.664734  0.000e+00
    20.0276    0.00011      0.034 189.664792  0.000e+00
    20.0148    0.00010      0.028 189.664850  0.000e+00
    20.0064    0.00795      0.023 189.664907  0.000e+00
    19.9945    0.00009      0.025 189.664965  0.000e+00
    20.0011    0.00014      0.021 189.665023  0.000e+00
    19.9838    0.00307      0.025 189.665081  0.000e+00
    19.9910    0.01649      0.021 189.665139  0.000e+00
    19.9847    0.01992      0.026 189.665197  0.000e+00
    19.9865    0.02176      0.023 189.665255  0.000e+00
    19.9890    0.00009      0.021 189.665313  0.000e+00
    19.9783    0.01688      0.023 189.665370  0.000e+00
    19.9722    0.01460      0.019 189.665428  0.000e+00
    19.9753    0.01114      0.019 189.665486  0.000e+00
    19.9916    0.01126      0.023 189.665544  0.000e+00
    20.0132    0.01030      0.019 189.665602  0.000e+00
    19.9998    0.00012      0.019 189.665660  0.000e+00
    19.9992    0.00010      0.021 189.665718  0.000e+00
    20.0111    0.00011      0.023 189.665775  0.000e+00
    20.0311    0.00015      0.025 189.665833  0.000e+00
    20.0507    0.00013      0.025 189.665891  0.000e+00
    20.0507    0.00012      0.019 189.665949  0.000e+00
    20.0683    0.00012      0.019 189.666007  0.000e+00
    20.0856    0.00011      0.026 189.666065  0.000e+00
    20.1188    0.00011      0.026 189.666123  0.000e+00
    20.1226    0.00012      0.026 189.666181  0.000e+00
    20.1487    0.00011      0.017 189.666238  0.000e+00
    20.1829    0.00011      0.025 189.666296  0.000e+00
    20.2044    0.00012      0.025 189.666354  0.000e+00
    20.2357    0.00012      0.021 189.666412  0.000e+00
    20.2626    0.00012      0.026 189.666470  0.000e+00
    20.2813    0.00016      0.032 189.666528  0.000e+00
    20.2999    0.00018      0.021 189.666586  0.000e+00
    20.3105    0.00011      0.025 189.666644  0.000e+00
    20.3038    0.00011      0.021 189.666701  0.000e+00
    20.3163    0.00011      0.021 189.666759  0.000e+00
    20.3282    0.00010      0.025 189.666817  0.000e+00
    20.3389    0.00011      0.030 189.666875  0.000e+00
    20.3443    0.00011      0.028 189.666933  0.000e+00
    20.3671    0.00011      0.021 189.666991  0.000e+00
    20.3859    0.00011      0.026 189.667049  0.000e+00
    20.4033    0.00011      0.026 189.667106  0.000e+00
    20.4314    0.00011      0.028 189.667164  0.000e+00
    20.4684    0.00011      0.023 189.667222  0.000e+00
    20.4467    0.00011      0.023 189.667280  0.000e+00
    20.4767    0.00011      0.028 189.667338  0.000e+00
    20.5184    0.00011      0.025 189.667396  0.000e+00
    20.5341    0.00010      0.025 189.667454  0.000e+00
    20.5540    0.00010      0.025 189.667512  0.000e+00
    20.5706    0.00010      0.026 189.667569  0.000e+00
    20.5859    0.00010      0.025 189.667627  0.000e+00
    20.6305    0.00010      0.025 189.667685  0.000e+00
    20.6668    0.00010      0.025 189.667743  0.000e+00
    20.6955    0.00010      0.030 189.667801  0.000e+00
    20.7362    0.00010      0.028 189.667859  0.000e+00
    20.7306    0.00010      0.025 189.667917  0.000e+00
    20.7410    0.00010      0.025 189.667975  0.000e+00
    20.7838    0.00010      0.028 189.668032  0.000e+00
    20.8015    0.00010      0.028 189.668090  0.000e+00
    20.8276    0.00010      0.028 189.668148  0.000e+00
    20.8135    0.00010      0.032 189.668206  0.000e+00
    20.8368    0.00010      0.023 189.668264  0.000e+00
    20.8792    0.00010      0.025 189.668322  0.000e+00
    20.8790    0.17789      0.030 189.668380  0.000e+00
    19.9220    3.67632      0.152 189.668437  0.000e+00
    19.9269    3.67748      0.226 189.668495  0.000e+00
    19.9330    3.67889      0.375 189.668553  0.000e+00
    19.9364    3.68008      0.580 189.668611  0.000e+00
    19.9957    3.68767      0.713 189.668669  0.000e+00
    20.2428    3.76863      0.888 189.668727  0.000e+00
    20.4863    3.90138      1.084 189.668785  0.000e+00
    20.6584    4.11177      1.167 189.668843  0.000e+00
    20.7120    4.15592      1.170 189.668900  0.000e+00
    20.6976    4.16487      1.035 189.668958  0.000e+00
    20.3984    4.16763      0.938 189.669016  0.000e+00
    20.3737    4.12144      0.854 189.669074  0.000e+00
    20.1063    4.10406      0.820 189.669132  0.000e+00
    20.0464    3.89158      0.712 189.669190  0.000e+00
    19.9791    3.72927      0.634 189.669248  0.000e+00
    19.9753    3.70575      0.591 189.669306  0.000e+00
    19.9527    3.69259      0.445 189.669363  0.000e+00
    19.9624    3.69765      0.381 189.669421  0.000e+00
    19.9624    3.69255      0.314 189.669479  0.000e+00
    19.9540    3.68784      0.320 189.669537  0.000e+00
    19.9901    3.70126      0.532 189.669595  0.000e+00
    20.0955    3.72602      0.755 189.669653  0.000e+00
    20.2778    3.80717      0.895 189.669711  0.000e+00
    20.1338    3.79834      0.656 189.669769  0.000e+00
    20.0239    3.73418      0.449 189.669826  0.000e+00
    20.0188    3.71881      0.260 189.669884  0.000e+00
    19.9971    1.25663      0.032 189.669942  0.000e+00
    19.5512    0.11047      0.010 189.670000  0.000e+00
    19.4921    0.08614      0.030 189.670058  0.000e+00
    19.4883    0.03427      0.037 189.670116  0.000e+00
    19.4235    0.00572      0.034 189.670174  0.000e+00
    19.5111    0.00014      0.030 189.670231  0.000e+00
    19.5490    0.00016      0.032 189.670289  0.000e+00
    19.5588    0.00015      0.030 189.670347  0.000e+00
    19.5660    0.00016      0.032 189.670405  0.000e+00
    19.5902    0.00015      0.032 189.670463  0.000e+00
    19.6285    0.00015      0.032 189.670521  0.000e+00
    19.6445    0.00015      0.032 189.670579  0.000e+00
    19.6459    0.00015      0.032 189.670637  0.000e+00
    19.6585    0.00014      0.034 189.670694  0.000e+00
    19.6765    0.00014      0.034 189.670752  0.000e+00
    19.6992    0.00014      0.034 189.670810  0.000e+00
    19.7548    0.00014      0.034 189.670868  0.000e+00
    19.7621    0.00014      0.035 189.670926  0.000e+00
    19.7963    0.00014      0.035 189.670984  0.000e+00
    19.8344    0.00014      0.035 189.671042  0.000e+00
    19.8869    0.00014      0.037 189.671100  0.000e+00
    19.8662    0.00014      0.035 189.671157  0.000e+00
    19.8806    0.00014      0.037 189.671215  0.000e+00
    19.8733    0.00014      0.037 189.671273  0.000e+00
    19.8863    0.00014      0.035 189.671331  0.000e+00
    19.8725    0.00014      0.037 189.671389  0.000e+00
    19.8888    0.00014      0.037 189.671447  0.000e+00
    19.9184    0.00013      0.037 189.671505  0.000e+00
    19.9428    0.00014      0.039 189.671562  0.000e+00
    19.9959    0.00013      0.037 189.671620  0.000e+00
    20.0399    0.00013      0.037 189.671678  0.000e+00
    20.0981    0.00013      0.037 189.671736  0.000e+00
    20.2994    0.00013      0.037 189.671794  0.000e+00
    20.5668    0.00013      0.037 189.671852  0.000e+00
    20.7732    0.00013      0.037 189.671910  0.000e+00
    21.0029    0.00013      0.037 189.671968  0.000e+00
    21.1870    0.00013      0.035 189.672025  0.000e+00
    21.3956    0.00013      0.037 189.672083  0.000e+00
    21.4177    0.00013      0.037 189.672141  0.000e+00
    21.4077    0.00013      0.035 189.672199  0.000e+00
    21.4593    0.00013      0.035 189.672257  0.000e+00
    21.4196    0.00013      0.035 189.672315  0.000e+00
    21.2997    0.00013      0.035 189.672373  0.000e+00
    21.3175    0.00013      0.037 189.672431  0.000e+00
    21.2824    0.00013      0.034 189.672488  0.000e+00
    21.2211    0.00013      0.034 189.672546  0.000e+00
    21.1375    0.00013      0.034 189.672604  0.000e+00
    21.2665    0.00013      0.035 189.672662  0.000e+00
    21.4201    0.00014      0.035 189.672720  0.000e+00
    21.6058    0.00014      0.034 189.672778  0.000e+00
    21.7746    0.00015      0.034 189.672836  0.000e+00
    21.9988    0.00014      0.034 189.672894  0.000e+00
    22.2286    0.00014      0.034 189.672951  0.000e+00
    22.4110    0.00014      0.034 189.673009  0.000e+00
    22.4546    0.00014      0.032 189.673067  0.000e+00
    22.4841    0.00014      0.034 189.673125  0.000e+00
    22.5720    0.00014      0.032 189.673183  0.000e+00
    22.5507    0.00014      0.032 189.673241  0.000e+00
    22.5975    0.00014      0.034 189.673299  0.000e+00
    22.5951    0.00014      0.034 189.673356  0.000e+00
    22.5972    0.00013      0.030 189.673414  0.000e+00
    22.5806    0.00014      0.034 189.673472  0.000e+00
    22.5535    0.00014      0.035 189.673530  0.000e+00
    22.5660    0.00014      0.034 189.673588  0.000e+00
    22.6317    0.00014      0.032 189.673646  0.000e+00
    22.6906    0.00013      0.030 189.673704  0.000e+00
    22.7559    0.00014      0.034 189.673762  0.000e+00
    22.7702    0.00014      0.030 189.673819  0.000e+00
    22.7115    0.00014      0.034 189.673877  0.000e+00
    22.6066    0.00014      0.035 189.673935  0.000e+00
    22.5587    0.00014      0.032 189.673993  0.000e+00
    21.8952    0.00013      0.032 189.674051  0.000e+00
    21.4197    0.00014      0.030 189.674109  0.000e+00
    20.8881    0.00014      0.035 189.674167  0.000e+00
    20.7472    0.00015      0.034 189.674225  0.000e+00
    20.6561    0.00015      0.032 189.674282  0.000e+00
    20.6302    0.00015      0.035 189.674340  0.000e+00
    20.5954    0.00015      0.028 189.674398  0.000e+00
    20.5981    0.00015      0.032 189.674456  0.000e+00
    20.5996    0.00014      0.032 189.674514  0.000e+00
    20.6948    1.50556      0.070 189.674572  0.000e+00
    20.1531    3.43482      0.320 189.674630  0.000e+00
    20.1506    3.43116      0.463 189.674688  0.000e+00
    20.1483    3.42965      0.492 189.674745  0.000e+00
    20.1497    3.43031      0.408 189.674803  0.000e+00
    20.1420    3.43842      0.550 189.674861  0.000e+00
    20.1350    3.44967      0.485 189.674919  0.000e+00
    20.1427    3.44181      0.566 189.674977  0.000e+00
    20.1371    3.44723      0.748 189.675035  0.000e+00
    20.1334    3.44627      0.926 189.675093  0.000e+00
    20.1222    3.47056      0.945 189.675150  0.000e+00
    20.0282    3.58208      1.334 189.675208  0.000e+00
    20.0394    3.61260      1.141 189.675266  0.000e+00
    20.0336    3.63056      1.106 189.675324  0.000e+00
    20.0345    3.66937      0.879 189.675382  0.000e+00
    20.1292    3.53056      0.805 189.675440  0.000e+00
    20.1167    3.48244      0.764 189.675498  0.000e+00
    20.1298    3.45723      0.812 189.675556  0.000e+00
    20.1216    3.46240      0.674 189.675613  0.000e+00
    20.1194    3.46242      0.694 189.675671  0.000e+00
    20.1411    3.44236      0.490 189.675729  0.000e+00
    20.1436    3.43068      0.541 189.675787  0.000e+00
    20.1422    3.43128      0.541 189.675845  0.000e+00
    20.1442    3.43188      0.314 189.675903  0.000e+00
    19.5863    0.13945      0.023 189.675961  0.000e+00
    19.4843    0.00011      0.019 189.676019  0.000e+00
    19.3942    0.00015      0.028 189.676076  0.000e+00
    19.3878    0.00746      0.032 189.676134  0.000e+00
    19.3335    0.00027      0.032 189.676192  0.000e+00
    19.3206    0.00024      0.030 189.676250  0.000e+00
    19.3100    0.00022      0.030 189.676308  0.000e+00
    19.3267    0.00022      0.028 189.676366  0.000e+00
    19.3038    0.00021      0.030 189.676424  0.000e+00
    19.3275    0.00021      0.030 189.676481  0.000e+00
