data/raw/08-07-17/stations_08_07_2017.asc
* Sea-Bird SBE37 Data File:
* FileName = D:\Prof-Arnaldo\CTD_LAGOA_07_2017\08_07_2017.asc
* Software Version 1.59
* Temperature SN = 2603
* Conductivity SN = 2603
* System UpLoad Time = Jul 08 2017 18:38:25
* ds
* SBE37-SM V 2.2  SERIAL NO. 2603    08 Jul 2017  18:37:02
*END*
[from data line 1884]
 19.6861, 0.00027,    0.019, 08 Jul 2017, 16:51:58
 19.6817, 0.00027,    0.019, 08 Jul 2017, 16:52:03
 19.6800, 0.00027,    0.021, 08 Jul 2017, 16:52:08
 19.6929, 0.00027,    0.019, 08 Jul 2017, 16:52:13
 19.6809, 0.00026,    0.017, 08 Jul 2017, 16:52:18
 19.7085, 0.00026,    0.019, 08 Jul 2017, 16:52:23
 19.7398, 0.00026,    0.021, 08 Jul 2017, 16:52:28
 19.7317, 0.00026,    0.021, 08 Jul 2017, 16:52:33
 19.7196, 0.00026,    0.021, 08 Jul 2017, 16:52:38
 19.6973, 0.00027,    0.019, 08 Jul 2017, 16:52:43
 19.6712, 0.00027,    0.021, 08 Jul 2017, 16:52:48
 19.6518, 0.00027,    0.021, 08 Jul 2017, 16:52:53
 19.6533, 0.00026,    0.021, 08 Jul 2017, 16:52:58
 19.6770, 0.00026,    0.021, 08 Jul 2017, 16:53:03
 19.6617, 0.00027,    0.021, 08 Jul 2017, 16:53:08
 19.6649, 0.00027,    0.021, 08 Jul 2017, 16:53:13
 19.6750, 0.00027,    0.023, 08 Jul 2017, 16:53:18
 19.6483, 0.00027,    0.026, 08 Jul 2017, 16:53:23
 19.6223, 0.00027,    0.017, 08 Jul 2017, 16:53:28
 19.5593, 0.00028,    0.016, 08 Jul 2017, 16:53:33
 19.6527, 0.02574,    0.028, 08 Jul 2017, 16:53:38
 21.3145, 2.24369,    0.246, 08 Jul 2017, 16:53:43
 21.3529, 2.24178,    0.354, 08 Jul 2017, 16:53:48
 21.3484, 2.24107,    0.393, 08 Jul 2017, 16:53:53
 21.3519, 2.23335,    0.517, 08 Jul 2017, 16:53:58
 21.3495, 2.23536,    0.332, 08 Jul 2017, 16:54:03
 21.3465, 2.23135,    0.341, 08 Jul 2017, 16:54:08
 21.3470, 2.23952,    0.377, 08 Jul 2017, 16:54:13
 21.3504, 2.24001,    0.490, 08 Jul 2017, 16:54:18
 21.3515, 2.23974,    0.402, 08 Jul 2017, 16:54:23
 21.3506, 2.24277,    0.498, 08 Jul 2017, 16:54:28
 21.3511, 2.24600,    0.336, 08 Jul 2017, 16:54:33
 21.3446, 2.24536,    0.463, 08 Jul 2017, 16:54:38
 21.3431, 2.24802,    0.442, 08 Jul 2017, 16:54:43
 21.3442, 2.24929,    0.487, 08 Jul 2017, 16:54:48
 21.3471, 2.24976,    0.440, 08 Jul 2017, 16:54:53
 21.3489, 2.24936,    0.437, 08 Jul 2017, 16:54:58
 21.3431, 1.70035,    0.035, 08 Jul 2017, 16:55:03
 19.9326, 0.07063,    0.035, 08 Jul 2017, 16:55:08
 19.4840, 0.03074,    0.025, 08 Jul 2017, 16:55:13
 19.5087, 0.00036,    0.019, 08 Jul 2017, 16:55:18
 19.5952, 0.00030,    0.026, 08 Jul 2017, 16:55:23
 19.5795, 0.00030,    0.025, 08 Jul 2017, 16:55:28
 19.5641, 0.00029,    0.026, 08 Jul 2017, 16:55:33
 19.5230, 0.00029,    0.025, 08 Jul 2017, 16:55:38
 19.5352, 0.00028,    0.025, 08 Jul 2017, 16:55:43
 19.5537, 0.00027,    0.025, 08 Jul 2017, 16:55:48
 19.5863, 0.00027,    0.026, 08 Jul 2017, 16:55:53
 19.5571, 0.00027,    0.023, 08 Jul 2017, 16:55:58
 19.5608, 0.00027,    0.025, 08 Jul 2017, 16:56:03
 19.5634, 0.00027,    0.025, 08 Jul 2017, 16:56:08
 19.5601, 0.00026,    0.025, 08 Jul 2017, 16:56:13
 19.4921, 0.00025,    0.021, 08 Jul 2017, 16:56:18
 19.5058, 0.00025,    0.021, 08 Jul 2017, 16:56:23
 19.5019, 0.00025,    0.023, 08 Jul 2017, 16:56:28
 19.5972, 0.00028,    0.025, 08 Jul 2017, 16:56:33
 19.6630, 0.00028,    0.019, 08 Jul 2017, 16:56:38
 19.6506, 0.00028,    0.023, 08 Jul 2017, 16:56:43
 19.5729, 0.00028,    0.021, 08 Jul 2017, 16:56:48
 19.5551, 0.00028,    0.025, 08 Jul 2017, 16:56:53
 19.5722, 0.00029,    0.025, 08 Jul 2017, 16:56:58
 19.6007, 0.00027,    0.025, 08 Jul 2017, 16:57:03
 19.5386, 0.00028,    0.023, 08 Jul 2017, 16:57:08
 19.5730, 0.00028,    0.026, 08 Jul 2017, 16:57:13
 19.5868, 0.00028,    0.025, 08 Jul 2017, 16:57:18
 19.6040, 0.00028,    0.028, 08 Jul 2017, 16:57:23
 19.6132, 0.00028,    0.023, 08 Jul 2017, 16:57:28
 19.6764, 0.00028,    0.025, 08 Jul 2017, 16:57:33
 19.6810, 0.00028,    0.028, 08 Jul 2017, 16:57:38
 19.6807, 0.00027,    0.026, 08 Jul 2017, 16:57:43
 19.7114, 0.00026,    0.030, 08 Jul 2017, 16:57:48
 19.6897, 0.00026,    0.032, 08 Jul 2017, 16:57:53
 19.6363, 0.00027,    0.023, 08 Jul 2017, 16:57:58
 19.6659, 0.00027,    0.030, 08 Jul 2017, 16:58:03
 19.7464, 0.00027,    0.032, 08 Jul 2017, 16:58:08
 19.8453, 0.00027,    0.030, 08 Jul 2017, 16:58:13
 19.8396, 0.00028,    0.025, 08 Jul 2017, 16:58:18
 19.8253, 0.00028,    0.026, 08 Jul 2017, 16:58:23
 19.7833, 0.00028,    0.030, 08 Jul 2017, 16:58:28
 19.6914, 0.00028,    0.026, 08 Jul 2017, 16:58:33
 19.5996, 0.00029,    0.028, 08 Jul 2017, 16:58:38
 19.5060, 0.00029,    0.023, 08 Jul 2017, 16:58:43
 19.5151, 0.00029,    0.032, 08 Jul 2017, 16:58:48
 19.4887, 0.00030,    0.028, 08 Jul 2017, 16:58:53
 19.4368, 0.00030,    0.032, 08 Jul 2017, 16:58:58
 19.4759, 0.00030,    0.030, 08 Jul 2017, 16:59:03
 19.5171, 0.00030,    0.034, 08 Jul 2017, 16:59:08
 19.5862, 0.00030,    0.028, 08 Jul 2017, 16:59:13
 19.6294, 0.00030,    0.032, 08 Jul 2017, 16:59:18
 19.6210, 0.00060,    0.028, 08 Jul 2017, 16:59:23
 19.6676, 0.00219,    0.030, 08 Jul 2017, 16:59:28
 19.6506, 0.00036,    0.034, 08 Jul 2017, 16:59:33
 19.6026, 0.00035,    0.035, 08 Jul 2017, 16:59:38
 19.5810, 0.00035,    0.034, 08 Jul 2017, 16:59:43
 19.5625, 0.00035,    0.037, 08 Jul 2017, 16:59:48
 19.6552, 0.00035,    0.034, 08 Jul 2017, 16:59:53
 19.7173, 0.00034,    0.030, 08 Jul 2017, 16:59:58
 19.7157, 0.00034,    0.032, 08 Jul 2017, 17:00:03
 19.7915, 0.00034,    0.035, 08 Jul 2017, 17:00:08
 19.7616, 0.00034,    0.025, 08 Jul 2017, 17:00:13
 19.7244, 0.00035,    0.037, 08 Jul 2017, 17:00:18
 19.7367, 0.00034,    0.035, 08 Jul 2017, 17:00:23
 19.7435, 0.00034,    0.037, 08 Jul 2017, 17:00:28
 19.7146, 0.00034,    0.035, 08 Jul 2017, 17:00:33
 19.7165, 0.00043,    0.023, 08 Jul 2017, 17:00:38
 19.6877, 0.00050,    0.032, 08 Jul 2017, 17:00:43
 19.6685, 0.00035,    0.035, 08 Jul 2017, 17:00:48
 19.7260, 0.00036,    0.039, 08 Jul 2017, 17:00:53
 19.7610, 0.00093,    0.025, 08 Jul 2017, 17:00:58
 19.7614, 0.05643,    0.035, 08 Jul 2017, 17:01:03
 19.7595, 0.02465,    0.044, 08 Jul 2017, 17:01:08
 19.6603, 0.00082,    0.039, 08 Jul 2017, 17:01:13
 19.5993, 0.00035,    0.041, 08 Jul 2017, 17:01:18
 19.6752, 0.00037,    0.032, 08 Jul 2017, 17:01:23
 19.6440, 0.00033,    0.039, 08 Jul 2017, 17:01:28
 19.6520, 0.00034,    0.035, 08 Jul 2017, 17:01:33
 19.6482, 0.00034,    0.041, 08 Jul 2017, 17:01:38
 19.6020, 0.00034,    0.037, 08 Jul 2017, 17:01:43
 19.5714, 0.00034,    0.046, 08 Jul 2017, 17:01:48
 19.6437, 0.00034,    0.030, 08 Jul 2017, 17:01:53
 19.6263, 0.00033,    0.048, 08 Jul 2017, 17:01:58
 19.6341, 0.00036,    0.039, 08 Jul 2017, 17:02:03
 19.6236, 0.00034,    0.034, 08 Jul 2017, 17:02:08
 19.5771, 0.00034,    0.039, 08 Jul 2017, 17:02:13
 19.5686, 0.00533,    0.030, 08 Jul 2017, 17:02:18
 19.5291, 0.00960,    0.041, 08 Jul 2017, 17:02:23
 19.5786, 0.00039,    0.035, 08 Jul 2017, 17:02:28
 19.5887, 0.00036,    0.035, 08 Jul 2017, 17:02:33
 19.5978, 0.00790,    0.026, 08 Jul 2017, 17:02:38
 19.6212, 0.00034,    0.032, 08 Jul 2017, 17:02:43
 19.6087, 0.00033,    0.034, 08 Jul 2017, 17:02:48
 19.6149, 0.00073,    0.032, 08 Jul 2017, 17:02:53
 19.5308, 0.00032,    0.035, 08 Jul 2017, 17:02:58
 19.4479, 0.00031,    0.039, 08 Jul 2017, 17:03:03
 19.4563, 0.00033,    0.034, 08 Jul 2017, 17:03:08
 19.5059, 0.00033,    0.026, 08 Jul 2017, 17:03:13
 19.5713, 0.00033,    0.039, 08 Jul 2017, 17:03:18
 19.5931, 0.00033,    0.037, 08 Jul 2017, 17:03:23
 19.5934, 0.00033,    0.041, 08 Jul 2017, 17:03:28
 19.5670, 0.00033,    0.025, 08 Jul 2017, 17:03:33
 19.5158, 0.00033,    0.035, 08 Jul 2017, 17:03:38
 19.5375, 0.00032,    0.039, 08 Jul 2017, 17:03:43
 19.4917, 0.00032,    0.028, 08 Jul 2017, 17:03:48
 19.5067, 0.00031,    0.050, 08 Jul 2017, 17:03:53
 19.5610, 0.00033,    0.037, 08 Jul 2017, 17:03:58
 19.5709, 0.00033,    0.034, 08 Jul 2017, 17:04:03
 19.6062, 0.00033,    0.044, 08 Jul 2017, 17:04:08
 19.5815, 0.00032,    0.044, 08 Jul 2017, 17:04:13
 19.5181, 0.00032,    0.039, 08 Jul 2017, 17:04:18
 19.5084, 0.00033,    0.043, 08 Jul 2017, 17:04:23
 19.5147, 0.00032,    0.041, 08 Jul 2017, 17:04:28
 19.5527, 0.00031,    0.041, 08 Jul 2017, 17:04:33
 19.5672, 0.00032,    0.043, 08 Jul 2017, 17:04:38
 19.5972, 0.00032,    0.048, 08 Jul 2017, 17:04:43
 19.5891, 0.00488,    0.037, 08 Jul 2017, 17:04:48
 19.5807, 0.00036,    0.034, 08 Jul 2017, 17:04:53
 19.5033, 0.00031,    0.039, 08 Jul 2017, 17:04:58
 19.4644, 0.00031,    0.039, 08 Jul 2017, 17:05:03
 19.4550, 0.00030,    0.041, 08 Jul 2017, 17:05:08
 19.4493, 0.00029,    0.032, 08 Jul 2017, 17:05:13
 19.4687, 0.00029,    0.030, 08 Jul 2017, 17:05:18
 19.4886, 0.00029,    0.039, 08 Jul 2017, 17:05:23
 19.4671, 0.00029,    0.043, 08 Jul 2017, 17:05:28
 19.4474, 0.00028,    0.026, 08 Jul 2017, 17:05:33
 19.4520, 0.00027,    0.039, 08 Jul 2017, 17:05:38
 19.4230, 0.00027,    0.041, 08 Jul 2017, 17:05:43
 19.4196, 0.00027,    0.035, 08 Jul 2017, 17:05:48
 19.4135, 0.00026,    0.041, 08 Jul 2017, 17:05:53
 19.3527, 0.00025,    0.037, 08 Jul 2017, 17:05:58
 19.3741, 0.00025,    0.034, 08 Jul 2017, 17:06:03
 19.3248, 0.00026,    0.039, 08 Jul 2017, 17:06:08
 19.3002, 0.00026,    0.034, 08 Jul 2017, 17:06:13
 19.2910, 0.00026,    0.034, 08 Jul 2017, 17:06:18
 19.3030, 0.00026,    0.030, 08 Jul 2017, 17:06:23
 19.2828, 0.00026,    0.037, 08 Jul 2017, 17:06:28
 19.2910, 0.00026,    0.028, 08 Jul 2017, 17:06:33
 19.3023, 0.00026,    0.035, 08 Jul 2017, 17:06:38
 19.3731, 0.00025,    0.034, 08 Jul 2017, 17:06:43
 19.3701, 0.00025,    0.039, 08 Jul 2017, 17:06:48
 19.3953, 0.00025,    0.035, 08 Jul 2017, 17:06:53
 19.3545, 0.00025,    0.034, 08 Jul 2017, 17:06:58
 19.3604, 0.00025,    0.034, 08 Jul 2017, 17:07:03
 19.3890, 0.00024,    0.032, 08 Jul 2017, 17:07:08
 19.4011, 0.00024,    0.030, 08 Jul 2017, 17:07:13
 19.3987, 0.00023,    0.034, 08 Jul 2017, 17:07:18
 19.4007, 0.00023,    0.030, 08 Jul 2017, 17:07:23
 19.3777, 0.00023,    0.034, 08 Jul 2017, 17:07:28
 19.3330, 0.00021,    0.034, 08 Jul 2017, 17:07:33
 19.3179, 0.00020,    0.035, 08 Jul 2017, 17:07:38
 19.3344, 0.00020,    0.034, 08 Jul 2017, 17:07:43
 19.3550, 0.00019,    0.034, 08 Jul 2017, 17:07:48
 19.3735, 0.00019,    0.032, 08 Jul 2017, 17:07:53
 19.3634, 0.00019,    0.034, 08 Jul 2017, 17:07:58
 19.3556, 0.00019,    0.032, 08 Jul 2017, 17:08:03
 19.3601, 0.00019,    0.032, 08 Jul 2017, 17:08:08
 19.3418, 0.00018,    0.032, 08 Jul 2017, 17:08:13
 19.3019, 0.00018,    0.032, 08 Jul 2017, 17:08:18
 19.3357, 0.00018,    0.032, 08 Jul 2017, 17:08:23
 19.3720, 0.00018,    0.032, 08 Jul 2017, 17:08:28
 19.3898, 0.00018,    0.030, 08 Jul 2017, 17:08:33
 19.3950, 0.00018,    0.034, 08 Jul 2017, 17:08:38
 19.3679, 0.00018,    0.035, 08 Jul 2017, 17:08:43
 19.3341, 0.00017,    0.035, 08 Jul 2017, 17:08:48
 19.3290, 0.00017,    0.041, 08 Jul 2017, 17:08:53
 19.3117, 0.00018,    0.032, 08 Jul 2017, 17:08:58
 19.3518, 0.00017,    0.017, 08 Jul 2017, 17:09:03
 19.3734, 0.00088,    0.032, 08 Jul 2017, 17:09:08
 19.4095, 0.00030,    0.021, 08 Jul 2017, 17:09:13
 19.3648, 0.00025,    0.030, 08 Jul 2017, 17:09:18
 19.3402, 0.00028,    0.026, 08 Jul 2017, 17:09:23
 19.3087, 0.00032,    0.035, 08 Jul 2017, 17:09:28
 19.2916, 0.01048,    0.035, 08 Jul 2017, 17:09:33
 19.2715, 0.00026,    0.041, 08 Jul 2017, 17:09:38
 19.2861, 0.00028,    0.026, 08 Jul 2017, 17:09:43
 19.2150, 0.00026,    0.023, 08 Jul 2017, 17:09:48
 19.2168, 0.00026,    0.025, 08 Jul 2017, 17:09:53
 19.2618, 0.00026,    0.019, 08 Jul 2017, 17:09:58
 19.3012, 0.00336,    0.016, 08 Jul 2017, 17:10:03
 19.3340, 0.00026,    0.025, 08 Jul 2017, 17:10:08
 19.3163, 0.00026,    0.028, 08 Jul 2017, 17:10:13
 19.3287, 0.00025,    0.026, 08 Jul 2017, 17:10:18
 19.3152, 0.00026,    0.044, 08 Jul 2017, 17:10:23
 19.3220, 0.00026,    0.030, 08 Jul 2017, 17:10:28
 19.3159, 0.00025,    0.025, 08 Jul 2017, 17:10:33
 19.3226, 0.00026,    0.032, 08 Jul 2017, 17:10:38
 19.3368, 0.00025,    0.028, 08 Jul 2017, 17:10:43
 19.3702, 0.00026,    0.030, 08 Jul 2017, 17:10:48
 19.3880, 0.00026,    0.035, 08 Jul 2017, 17:10:53
 19.3410, 0.00026,    0.037, 08 Jul 2017, 17:10:58
 19.3152, 0.00025,    0.034, 08 Jul 2017, 17:11:03
 19.3195, 0.00025,    0.025, 08 Jul 2017, 17:11:08
 19.3112, 0.00025,    0.026, 08 Jul 2017, 17:11:13
 19.3120, 0.00025,    0.028, 08 Jul 2017, 17:11:18
 19.3290, 0.00025,    0.034, 08 Jul 2017, 17:11:23
 19.4271, 0.00025,    0.034, 08 Jul 2017, 17:11:28
 19.4843, 0.00025,    0.030, 08 Jul 2017, 17:11:33
 19.5382, 0.00025,    0.037, 08 Jul 2017, 17:11:38
 19.4928, 0.00024,    0.030, 08 Jul 2017, 17:11:43
 19.4766, 0.00025,    0.032, 08 Jul 2017, 17:11:48
 19.5205, 0.00024,    0.035, 08 Jul 2017, 17:11:53
 19.5152, 0.00024,    0.030, 08 Jul 2017, 17:11:58
 19.9306, 2.10342,    0.354, 08 Jul 2017, 17:12:03
 19.9459, 3.22592,    0.280, 08 Jul 2017, 17:12:08
 19.9528, 3.23036,    0.521, 08 Jul 2017, 17:12:13
 19.9542, 3.22968,    0.352, 08 Jul 2017, 17:12:18
 19.9501, 3.20761,    0.392, 08 Jul 2017, 17:12:23
 19.9542, 3.22728,    0.298, 08 Jul 2017, 17:12:28
 19.9546, 3.22628,    0.622, 08 Jul 2017, 17:12:33
 19.9584, 3.22885,    0.267, 08 Jul 2017, 17:12:38
 19.9555, 3.22680,    0.651, 08 Jul 2017, 17:12:43
 19.9544, 3.22464,    1.035, 08 Jul 2017, 17:12:48
 19.9559, 3.22444,    1.208, 08 Jul 2017, 17:12:53
 19.9553, 3.22827,    1.260, 08 Jul 2017, 17:12:58
 19.9503, 3.22698,    1.141, 08 Jul 2017, 17:13:03
 19.9540, 3.23144,    1.115, 08 Jul 2017, 17:13:08
 19.9518, 3.23287,    1.346, 08 Jul 2017, 17:13:13
 19.9527, 3.22678,    1.075, 08 Jul 2017, 17:13:18
 19.9518, 3.22708,    1.445, 08 Jul 2017, 17:13:23
 19.9528, 3.23469,    1.384, 08 Jul 2017, 17:13:28
 19.9489, 3.22613,    1.242, 08 Jul 2017, 17:13:33
 19.9508, 3.22485,    0.974, 08 Jul 2017, 17:13:38
 19.9518, 3.22695,    0.656, 08 Jul 2017, 17:13:43
 19.9481, 3.22807,    0.559, 08 Jul 2017, 17:13:48
 19.8806, 0.88900,    0.043, 08 Jul 2017, 17:13:53
 19.2620, 0.08030,    0.014, 08 Jul 2017, 17:13:58
 19.1024, 0.00046,    0.010, 08 Jul 2017, 17:14:03
 19.0489, 0.00064,    0.032, 08 Jul 2017, 17:14:08
 18.9802, 0.03966,    0.032, 08 Jul 2017, 17:14:13
 18.9438, 0.03634,    0.030, 08 Jul 2017, 17:14:18
 18.9567, 0.01547,    0.030, 08 Jul 2017, 17:14:23
 18.9806, 0.00073,    0.028, 08 Jul 2017, 17:14:28
 18.9653, 0.00071,    0.025, 08 Jul 2017, 17:14:33
 18.9868, 0.00340,    0.026, 08 Jul 2017, 17:14:38
 18.9869, 0.00068,    0.032, 08 Jul 2017, 17:14:43
 18.9950, 0.00062,    0.030, 08 Jul 2017, 17:14:48
 18.9594, 0.00058,    0.028, 08 Jul 2017, 17:14:53
 18.8978, 0.00054,    0.012, 08 Jul 2017, 17:14:58
 18.9208, 0.00054,    0.032, 08 Jul 2017, 17:15:03
 18.9485, 0.01675,    0.025, 08 Jul 2017, 17:15:08
 18.9189, 0.01059,    0.019, 08 Jul 2017, 17:15:13
 18.9779, 0.00723,    0.021, 08 Jul 2017, 17:15:18
 19.0272, 0.00227,    0.025, 08 Jul 2017, 17:15:23
 19.0027, 0.00058,    0.021, 08 Jul 2017, 17:15:28
 18.9842, 0.00055,    0.019, 08 Jul 2017, 17:15:33
 18.9832, 0.00055,    0.021, 08 Jul 2017, 17:15:38
 19.0039, 0.00054,    0.019, 08 Jul 2017, 17:15:43
 19.0023, 0.00053,    0.017, 08 Jul 2017, 17:15:48
 18.9919, 0.00052,    0.016, 08 Jul 2017, 17:15:53
 19.0190, 0.00051,    0.014, 08 Jul 2017, 17:15:58
 19.0560, 0.00101,    0.030, 08 Jul 2017, 17:16:03
 19.0869, 0.00053,    0.012, 08 Jul 2017, 17:16:08
 19.0653, 0.00061,    0.026, 08 Jul 2017, 17:16:13
 19.0820, 0.00225,    0.032, 08 Jul 2017, 17:16:18
 19.1434, 0.00066,    0.025, 08 Jul 2017, 17:16:23
 19.1521, 0.00074,    0.026, 08 Jul 2017, 17:16:28
 19.1689, 0.00057,    0.016, 08 Jul 2017, 17:16:33
 19.1871, 0.00057,    0.023, 08 Jul 2017, 17:16:38
 19.2186, 0.00057,    0.030, 08 Jul 2017, 17:16:43
 19.1856, 0.00677,    0.044, 08 Jul 2017, 17:16:48
 19.1794, 0.00082,    0.037, 08 Jul 2017, 17:16:53
 19.1736, 0.00082,    0.021, 08 Jul 2017, 17:16:58
 19.2093, 0.00743,    0.032, 08 Jul 2017, 17:17:03
 19.2155, 0.00064,    0.030, 08 Jul 2017, 17:17:08
 19.2210, 0.00060,    0.021, 08 Jul 2017, 17:17:13
 19.2149, 0.00058,    0.032, 08 Jul 2017, 17:17:18
 19.2197, 0.00056,    0.026, 08 Jul 2017, 17:17:23
 19.2258, 0.01868,    0.023, 08 Jul 2017, 17:17:28
 19.2224, 0.04667,    0.019, 08 Jul 2017, 17:17:33
 19.2534, 0.02437,    0.023, 08 Jul 2017, 17:17:38
 19.3092, 0.00493,    0.030, 08 Jul 2017, 17:17:43
 19.2853, 0.00961,    0.028, 08 Jul 2017, 17:17:48
 19.2891, 0.00276,    0.025, 08 Jul 2017, 17:17:53
 19.3529, 0.00076,    0.021, 08 Jul 2017, 17:17:58
