data/raw/08-07-17/stations_08_07_2017_processed.cnv
* Sea-Bird SBE37 Data File:
* FileName = D:\Prof-Arnaldo\CTD_LAGOA_07_2017\08_07_2017.asc
* Software Version 1.59
* Temperature SN = 2603
* Conductivity SN = 2603
* System UpLoad Time = Jul 08 2017 18:38:25
* ds
* SBE37-SM V 2.2  SERIAL NO. 2603    08 Jul 2017  18:37:02
# nquan = 9                                 
# nvalues = 3138                        
# units = metric
# name 0 = t090: temperature, ITS-90 [deg C]
# name 1 = c0S/m: conductivity [S/m]
# name 2 = pr: pressure [db]
# name 3 = timeJ: time [julian days]
# name 4 = potemp090C: Potential Temperature [ITS-90, deg C]
# name 5 = sal00: Salinity, Practical [PSU]
# name 6 = depSM: Depth [salt water, m], lat = 28.48
# name 7 = sigma-t00: Density [sigma-t, kg/m^3 ]
# name 8 = flag: flag
# span 0 =    18.0497,    25.4045       
# span 1 =   0.000040,   4.543690       
# span 2 =      0.001,      7.173       
# span 3 = 189.593889, 189.775440       
# span 4 =    18.0497,    25.4045       
# span 5 =     0.0094,    33.4688       
# span 6 =      0.001,      7.125       
# span 7 =    -3.0490,    23.7551       
# span 8 = 0.0000e+00, 0.0000e+00       
# interval = seconds: 5
# start_time = Jul 08 2017 14:15:12
# bad_flag = -9.990e-29
*END*
[from data line 481]
    19.3706   4.504870      1.447 189.621736    19.3703    33.1544      1.437    23.5170 0.0000e+00
    19.3651   4.505560      1.710 189.621794    19.3648    33.1643      1.699    23.5260 0.0000e+00
    19.3719   4.504370      1.899 189.621852    19.3716    33.1491      1.886    23.5126 0.0000e+00
    19.3665   4.503570      2.089 189.621910    19.3661    33.1467      2.075    23.5122 0.0000e+00
    19.3766   4.505400      2.469 189.621968    19.3762    33.1536      2.452    23.5149 0.0000e+00
    19.3777   4.505740      2.690 189.622025    19.3772    33.1555      2.672    23.5160 0.0000e+00
    19.3649   4.506530      3.064 189.622083    19.3644    33.1720      3.043    23.5319 0.0000e+00
    19.3630   4.504340      3.431 189.622141    19.3624    33.1554      3.408    23.5197 0.0000e+00
    19.3600   4.505320      3.924 189.622199    19.3593    33.1656      3.898    23.5283 0.0000e+00
    19.3597   4.505870      4.168 189.622257    19.3590    33.1703      4.140    23.5320 0.0000e+00
    19.3598   4.505490      4.150 189.622315    19.3591    33.1671      4.122    23.5295 0.0000e+00
    19.3597   4.504640      3.895 189.622373    19.3590    33.1603      3.869    23.5243 0.0000e+00
    19.3617   4.504930      3.532 189.622431    19.3611    33.1612      3.508    23.5245 0.0000e+00
    19.3633   4.504570      3.337 189.622488    19.3627    33.1570      3.315    23.5209 0.0000e+00
    19.3640   4.504690      2.943 189.622546    19.3635    33.1576      2.923    23.5212 0.0000e+00
    19.3669   4.504200      2.620 189.622604    19.3664    33.1514      2.602    23.5157 0.0000e+00
    19.3711   4.503720      2.132 189.622662    19.3707    33.1443      2.118    23.5092 0.0000e+00
    19.3724   4.503880      1.677 189.622720    19.3721    33.1447      1.666    23.5092 0.0000e+00
    19.3708   4.503930      1.266 189.622778    19.3706    33.1465      1.258    23.5110 0.0000e+00
    19.3681   4.503660      0.976 189.622836    19.3679    33.1466      0.969    23.5117 0.0000e+00
    19.3761   4.503660      0.663 189.622894    19.3760    33.1403      0.659    23.5049 0.0000e+00
    19.3790   4.503280      0.338 189.622951    19.3789    33.1350      0.336    23.5001 0.0000e+00
    19.3896   4.503640      0.156 189.623009    19.3896    33.1296      0.155    23.4933 0.0000e+00
    19.3853   4.503570      0.170 189.623067    19.3853    33.1324      0.169    23.4965 0.0000e+00
    19.2747   0.465640      0.044 189.623125    19.2747     2.8269      0.044     0.5089 0.0000e+00
    19.1616   0.126960      0.037 189.623183    19.1616     0.7198      0.037    -1.0742 0.0000e+00
    19.1368   0.014530      0.032 189.623241    19.1368     0.0800      0.032    -1.5590 0.0000e+00
    19.0676   0.000350      0.030 189.623299    19.0676     0.0102      0.030    -1.5990 0.0000e+00
    19.1285   0.000090      0.028 189.623356    19.1285     0.0096      0.028    -1.6115 0.0000e+00
    19.2343   0.000090      0.030 189.623414    19.2343     0.0096      0.030    -1.6323 0.0000e+00
    19.4518   0.000090      0.030 189.623472    19.4518     0.0097      0.030    -1.6756 0.0000e+00
    19.4114   0.000080      0.030 189.623530    19.4114     0.0097      0.030    -1.6676 0.0000e+00
    19.4312   0.000080      0.030 189.623588    19.4312     0.0097      0.030    -1.6715 0.0000e+00
    19.4343   0.000080      0.030 189.623646    19.4343     0.0097      0.030    -1.6721 0.0000e+00
    19.3895   0.000080      0.028 189.623704    19.3895     0.0097      0.028    -1.6632 0.0000e+00
    19.4970   0.000080      0.030 189.623762    19.4970     0.0097      0.030    -1.6847 0.0000e+00
    19.6805   0.000080      0.030 189.623819    19.6805     0.0098      0.030    -1.7217 0.0000e+00
    19.8149   0.000080      0.026 189.623877    19.8149     0.0099      0.026    -1.7491 0.0000e+00
    19.8731   0.000080      0.028 189.623935    19.8731     0.0099      0.028    -1.7610 0.0000e+00
    19.8088   0.000080      0.026 189.623993    19.8088     0.0099      0.026    -1.7478 0.0000e+00
    19.6999   0.000080      0.026 189.624051    19.6999     0.0098      0.026    -1.7257 0.0000e+00
    19.6874   0.000080      0.026 189.624109    19.6874     0.0098      0.026    -1.7231 0.0000e+00
    19.6921   0.000080      0.026 189.624167    19.6921     0.0098      0.026    -1.7241 0.0000e+00
    19.6866   0.000080      0.025 189.624225    19.6866     0.0098      0.025    -1.7230 0.0000e+00
    19.7495   0.000080      0.025 189.624282    19.7495     0.0098      0.025    -1.7357 0.0000e+00
    19.8287   0.000080      0.025 189.624340    19.8287     0.0099      0.025    -1.7519 0.0000e+00
    20.0286   0.000080      0.025 189.624398    20.0286     0.0100      0.025    -1.7929 0.0000e+00
    20.1447   0.000080      0.025 189.624456    20.1447     0.0100      0.025    -1.8170 0.0000e+00
    20.2919   0.000080      0.025 189.624514    20.2919     0.0101      0.025    -1.8476 0.0000e+00
    20.5214   0.000080      0.023 189.624572    20.5214     0.0102      0.023    -1.8959 0.0000e+00
    20.6819   0.000070      0.023 189.624630    20.6819     0.0102      0.023    -1.9300 0.0000e+00
    20.8260   0.000080      0.023 189.624687    20.8260     0.0103      0.023    -1.9608 0.0000e+00
    20.9464   0.000070      0.021 189.624745    20.9464     0.0103      0.021    -1.9868 0.0000e+00
    20.9949   0.000080      0.021 189.624803    20.9949     0.0103      0.021    -1.9973 0.0000e+00
    21.0185   0.000070      0.021 189.624861    21.0185     0.0104      0.021    -2.0024 0.0000e+00
    21.0504   0.000080      0.021 189.624919    21.0504     0.0104      0.021    -2.0093 0.0000e+00
    21.0592   0.000080      0.019 189.624977    21.0592     0.0104      0.019    -2.0112 0.0000e+00
    21.0856   0.000080      0.017 189.625035    21.0856     0.0104      0.017    -2.0169 0.0000e+00
    21.0808   0.000070      0.019 189.625093    21.0808     0.0104      0.019    -2.0159 0.0000e+00
    21.0486   0.000070      0.019 189.625150    21.0486     0.0104      0.019    -2.0089 0.0000e+00
    20.9504   0.000080      0.017 189.625208    20.9504     0.0103      0.017    -1.9876 0.0000e+00
    20.8821   0.000070      0.019 189.625266    20.8821     0.0103      0.019    -1.9729 0.0000e+00
    20.8457   0.000100      0.017 189.625324    20.8457     0.0103      0.017    -1.9651 0.0000e+00
    20.8450   0.000090      0.017 189.625382    20.8450     0.0103      0.017    -1.9649 0.0000e+00
    20.6279   0.000090      0.017 189.625440    20.6279     0.0102      0.017    -1.9185 0.0000e+00
    20.7660   0.000090      0.017 189.625498    20.7660     0.0103      0.017    -1.9480 0.0000e+00
    20.9802   0.000060      0.016 189.625556    20.9802     0.0103      0.016    -1.9941 0.0000e+00
    21.1145   0.000080      0.014 189.625613    21.1145     0.0104      0.014    -2.0232 0.0000e+00
    21.2930   0.000080      0.014 189.625671    21.2930     0.0105      0.014    -2.0622 0.0000e+00
    21.0373   0.000080      0.016 189.625729    21.0373     0.0104      0.016    -2.0064 0.0000e+00
    20.7183   0.000080      0.012 189.625787    20.7183     0.0102      0.012    -1.9378 0.0000e+00
    20.4520   0.000070      0.016 189.625845    20.4520     0.0101      0.016    -1.8813 0.0000e+00
    19.4677   4.510710      0.082 189.625903    19.4677    33.1258      0.081    23.4703 0.0000e+00
    19.3492   4.505230      0.145 189.625961    19.3492    33.1748      0.144    23.5381 0.0000e+00
    19.3466   4.504380      0.156 189.626019    19.3466    33.1699      0.155    23.5350 0.0000e+00
    19.3477   4.498490      0.136 189.626076    19.3477    33.1205      0.135    23.4970 0.0000e+00
    19.3493   4.507490      0.163 189.626134    19.3493    33.1933      0.162    23.5522 0.0000e+00
    19.3441   4.507600      0.244 189.626192    19.3441    33.1984      0.242    23.5574 0.0000e+00
    19.3444   4.507630      0.410 189.626250    19.3443    33.1983      0.407    23.5572 0.0000e+00
    19.3403   4.507840      0.598 189.626308    19.3402    33.2032      0.594    23.5621 0.0000e+00
    19.3410   4.506190      0.697 189.626366    19.3409    33.1891      0.692    23.5510 0.0000e+00
    19.3356   4.505260      0.791 189.626424    19.3355    33.1857      0.786    23.5498 0.0000e+00
    19.3378   4.508100      1.016 189.626481    19.3376    33.2072      1.009    23.5657 0.0000e+00
    19.3388   4.507630      1.165 189.626539    19.3386    33.2025      1.157    23.5619 0.0000e+00
    19.3334   4.506980      1.305 189.626597    19.3332    33.2014      1.296    23.5624 0.0000e+00
    19.3341   4.506330      1.444 189.626655    19.3338    33.1954      1.434    23.5577 0.0000e+00
    19.3341   4.506060      1.561 189.626713    19.3338    33.1932      1.551    23.5560 0.0000e+00
    19.3372   4.506880      1.780 189.626771    19.3369    33.1974      1.768    23.5584 0.0000e+00
    19.3361   4.507030      1.904 189.626829    19.3358    33.1995      1.891    23.5602 0.0000e+00
    19.3388   4.505820      1.978 189.626887    19.3384    33.1873      1.965    23.5503 0.0000e+00
    19.3396   4.506050      2.116 189.626944    19.3392    33.1885      2.102    23.5510 0.0000e+00
    19.3379   4.505490      2.375 189.627002    19.3375    33.1852      2.359    23.5489 0.0000e+00
    19.3362   4.505570      2.667 189.627060    19.3357    33.1871      2.649    23.5508 0.0000e+00
    19.3374   4.505740      2.834 189.627118    19.3369    33.1875      2.815    23.5508 0.0000e+00
    19.3370   4.505430      3.150 189.627176    19.3364    33.1851      3.129    23.5491 0.0000e+00
    19.3373   4.505360      3.487 189.627234    19.3367    33.1842      3.464    23.5483 0.0000e+00
    19.3385   4.505200      3.528 189.627292    19.3379    33.1819      3.504    23.5462 0.0000e+00
    19.3378   4.505700      3.893 189.627350    19.3371    33.1865      3.867    23.5499 0.0000e+00
    19.3384   4.505620      3.726 189.627407    19.3377    33.1854      3.701    23.5489 0.0000e+00
    19.3402   4.505730      3.625 189.627465    19.3396    33.1849      3.601    23.5481 0.0000e+00
    19.3401   4.505510      3.497 189.627523    19.3395    33.1832      3.474    23.5468 0.0000e+00
    19.3402   4.505770      3.082 189.627581    19.3397    33.1854      3.061    23.5485 0.0000e+00
    19.3407   4.505880      2.722 189.627639    19.3402    33.1860      2.704    23.5488 0.0000e+00
    19.3388   4.505710      2.681 189.627697    19.3383    33.1862      2.663    23.5494 0.0000e+00
    19.3399   4.505880      2.454 189.627755    19.3395    33.1868      2.438    23.5496 0.0000e+00
    19.3425   4.505900      2.145 189.627813    19.3421    33.1850      2.131    23.5475 0.0000e+00
    19.3468   4.506050      1.823 189.627870    19.3465    33.1829      1.811    23.5449 0.0000e+00
    19.3496   4.506380      1.397 189.627928    19.3494    33.1835      1.388    23.5446 0.0000e+00
    19.3496   4.506180      1.086 189.627986    19.3494    33.1820      1.079    23.5435 0.0000e+00
    19.3506   4.506440      0.679 189.628044    19.3505    33.1835      0.674    23.5443 0.0000e+00
    19.3465   4.506190      0.420 189.628102    19.3464    33.1848      0.417    23.5464 0.0000e+00
    19.3459   4.505730      0.266 189.628160    19.3459    33.1815      0.264    23.5440 0.0000e+00
    19.3487   4.505760      0.249 189.628218    19.3487    33.1795      0.247    23.5418 0.0000e+00
    19.3495   4.505820      0.242 189.628275    19.3495    33.1794      0.240    23.5415 0.0000e+00
    19.2738   0.300740      0.032 189.628333    19.2738     1.7776      0.032    -0.2896 0.0000e+00
    19.1150   0.033130      0.043 189.628391    19.1150     0.1805      0.043    -1.4776 0.0000e+00
    19.3560   0.000110      0.043 189.628449    19.3560     0.0097      0.043    -1.6565 0.0000e+00
    19.5772   0.000110      0.041 189.628507    19.5772     0.0098      0.041    -1.7008 0.0000e+00
    19.8238   0.000110      0.041 189.628565    19.8238     0.0099      0.041    -1.7509 0.0000e+00
    19.9640   0.000110      0.039 189.628623    19.9640     0.0099      0.039    -1.7796 0.0000e+00
    20.1492   0.000110      0.039 189.628681    20.1492     0.0100      0.039    -1.8179 0.0000e+00
    20.3244   0.000110      0.039 189.628738    20.3244     0.0101      0.039    -1.8544 0.0000e+00
    20.4598   0.000110      0.039 189.628796    20.4598     0.0101      0.039    -1.8829 0.0000e+00
    20.4035   0.000110      0.037 189.628854    20.4035     0.0101      0.037    -1.8710 0.0000e+00
    20.3385   0.000110      0.037 189.628912    20.3385     0.0101      0.037    -1.8574 0.0000e+00
    20.2215   0.000110      0.037 189.628970    20.2215     0.0101      0.037    -1.8329 0.0000e+00
    20.1003   0.000110      0.039 189.629028    20.1003     0.0100      0.039    -1.8078 0.0000e+00
    20.0800   0.000110      0.039 189.629086    20.0800     0.0100      0.039    -1.8035 0.0000e+00
    20.0636   0.000110      0.039 189.629144    20.0636     0.0100      0.039    -1.8002 0.0000e+00
    20.2840   0.000110      0.037 189.629201    20.2840     0.0101      0.037    -1.8460 0.0000e+00
    20.5794   0.000110      0.037 189.629259    20.5794     0.0102      0.037    -1.9082 0.0000e+00
    20.7370   0.000110      0.035 189.629317    20.7370     0.0103      0.035    -1.9418 0.0000e+00
    20.7957   0.000160      0.039 189.629375    20.7957     0.0103      0.039    -1.9543 0.0000e+00
    20.8842   0.000130      0.041 189.629433    20.8842     0.0103      0.041    -1.9733 0.0000e+00
    20.9240   0.000100      0.039 189.629491    20.9240     0.0103      0.039    -1.9819 0.0000e+00
    20.9843   0.000100      0.037 189.629549    20.9843     0.0103      0.037    -1.9950 0.0000e+00
    21.0403   0.000100      0.037 189.629606    21.0403     0.0104      0.037    -2.0071 0.0000e+00
    21.0750   0.000100      0.037 189.629664    21.0750     0.0104      0.037    -2.0146 0.0000e+00
    20.9980   0.000100      0.035 189.629722    20.9980     0.0104      0.035    -1.9979 0.0000e+00
    20.9913   0.000100      0.035 189.629780    20.9913     0.0103      0.035    -1.9965 0.0000e+00
    21.0173   0.000100      0.035 189.629838    21.0173     0.0104      0.035    -2.0021 0.0000e+00
    21.0264   0.000110      0.035 189.629896    21.0264     0.0104      0.035    -2.0041 0.0000e+00
    20.6705   0.000110      0.035 189.629954    20.6705     0.0102      0.035    -1.9276 0.0000e+00
    20.4178   0.000110      0.035 189.630012    20.4178     0.0101      0.035    -1.8740 0.0000e+00
    20.2661   0.000120      0.032 189.630069    20.2661     0.0101      0.032    -1.8422 0.0000e+00
    20.1294   0.000120      0.034 189.630127    20.1294     0.0100      0.034    -1.8138 0.0000e+00
    20.0241   0.000140      0.032 189.630185    20.0241     0.0100      0.032    -1.7920 0.0000e+00
    19.9327   0.000230      0.032 189.630243    19.9327     0.0102      0.032    -1.7730 0.0000e+00
    19.8955   0.013630      0.030 189.630301    19.8955     0.0742      0.030    -1.7163 0.0000e+00
    19.8550   0.016080      0.028 189.630359    19.8550     0.0870      0.028    -1.6982 0.0000e+00
    19.8573   0.013920      0.028 189.630417    19.8573     0.0758      0.028    -1.7072 0.0000e+00
    19.8339   0.012590      0.032 189.630475    19.8339     0.0690      0.032    -1.7077 0.0000e+00
    19.6421   0.010810      0.021 189.630532    19.6421     0.0601      0.021    -1.6754 0.0000e+00
    19.5725   0.000130      0.016 189.630590    19.5725     0.0098      0.016    -1.6999 0.0000e+00
    19.4454   2.895980      0.053 189.630648    19.4454    20.2782      0.053    13.7037 0.0000e+00
    19.3562   4.333740      0.143 189.630706    19.3562    31.7610      0.142    22.4578 0.0000e+00
    19.3564   4.254890      0.192 189.630764    19.3564    31.1164      0.191    21.9663 0.0000e+00
    19.3589   4.516700      0.323 189.630822    19.3588    33.2615      0.321    23.6018 0.0000e+00
    19.3583   4.517020      0.327 189.630880    19.3582    33.2647      0.325    23.6043 0.0000e+00
