data/raw/08-07-17/stations_08_07_2017_processed.cnv
* Sea-Bird SBE37 Data File:
* FileName = D:\Prof-Arnaldo\CTD_LAGOA_07_2017\08_07_2017.asc
* Software Version 1.59
* Temperature SN = 2603
* Conductivity SN = 2603
* System UpLoad Time = Jul 08 2017 18:38:25
* ds
* SBE37-SM V 2.2  SERIAL NO. 2603    08 Jul 2017  18:37:02
# nquan = 9                                 
# nvalues = 3138                        
# units = metric
# name 0 = t090: temperature, ITS-90 [deg C]
# name 1 = c0S/m: conductivity [S/m]
# name 2 = pr: pressure [db]
# name 3 = timeJ: time [julian days]
# name 4 = potemp090C: Potential Temperature [ITS-90, deg C]
# name 5 = sal00: Salinity, Practical [PSU]
# name 6 = depSM: Depth [salt water, m], lat = 28.48
# name 7 = sigma-t00: Density [sigma-t, kg/m^3 ]
# name 8 = flag: flag
# span 0 =    18.0497,    25.4045       
# span 1 =   0.000040,   4.543690       
# span 2 =      0.001,      7.173       
# span 3 = 189.593889, 189.775440       
# span 4 =    18.0497,    25.4045       
# span 5 =     0.0094,    33.4688       
# span 6 =      0.001,      7.125       
# span 7 =    -3.0490,    23.7551       
# span 8 = 0.0000e+00, 0.0000e+00       
# interval = seconds: 5
# start_time = Jul 08 2017 14:15:12
# bad_flag = -9.990e-29
*END*
[from data line 2081]
    19.3950   0.000180      0.034 189.714329    19.3950     0.0098      0.034    -1.6642 0.0000e+00
    19.3679   0.000180      0.035 189.714387    19.3679     0.0098      0.035    -1.6588 0.0000e+00
    19.3341   0.000170      0.035 189.714444    19.3341     0.0098      0.035    -1.6521 0.0000e+00
    19.3290   0.000170      0.041 189.714502    19.3290     0.0098      0.041    -1.6510 0.0000e+00
    19.3117   0.000180      0.032 189.714560    19.3117     0.0098      0.032    -1.6476 0.0000e+00
    19.3518   0.000170      0.017 189.714618    19.3518     0.0098      0.017    -1.6556 0.0000e+00
    19.3734   0.000880      0.032 189.714676    19.3734     0.0122      0.032    -1.6581 0.0000e+00
    19.4095   0.000300      0.021 189.714734    19.4095     0.0101      0.021    -1.6668 0.0000e+00
    19.3648   0.000250      0.030 189.714792    19.3648     0.0100      0.030    -1.6580 0.0000e+00
    19.3402   0.000280      0.026 189.714850    19.3402     0.0101      0.026    -1.6531 0.0000e+00
    19.3087   0.000320      0.035 189.714907    19.3087     0.0102      0.035    -1.6467 0.0000e+00
    19.2916   0.010480      0.035 189.714965    19.2916     0.0587      0.035    -1.6060 0.0000e+00
    19.2715   0.000260      0.041 189.715023    19.2715     0.0100      0.041    -1.6395 0.0000e+00
    19.2861   0.000280      0.026 189.715081    19.2861     0.0100      0.026    -1.6423 0.0000e+00
    19.2150   0.000260      0.023 189.715139    19.2150     0.0100      0.023    -1.6283 0.0000e+00
    19.2168   0.000260      0.025 189.715197    19.2168     0.0100      0.025    -1.6286 0.0000e+00
    19.2618   0.000260      0.019 189.715255    19.2618     0.0100      0.019    -1.6375 0.0000e+00
    19.3012   0.003360      0.016 189.715312    19.3012     0.0232      0.016    -1.6352 0.0000e+00
    19.3340   0.000260      0.025 189.715370    19.3340     0.0100      0.025    -1.6519 0.0000e+00
    19.3163   0.000260      0.028 189.715428    19.3163     0.0100      0.028    -1.6484 0.0000e+00
    19.3287   0.000250      0.026 189.715486    19.3287     0.0100      0.026    -1.6508 0.0000e+00
    19.3152   0.000260      0.044 189.715544    19.3152     0.0100      0.044    -1.6481 0.0000e+00
    19.3220   0.000260      0.030 189.715602    19.3220     0.0100      0.030    -1.6495 0.0000e+00
    19.3159   0.000250      0.025 189.715660    19.3159     0.0100      0.025    -1.6483 0.0000e+00
    19.3226   0.000260      0.032 189.715718    19.3226     0.0100      0.032    -1.6496 0.0000e+00
    19.3368   0.000250      0.028 189.715775    19.3368     0.0100      0.028    -1.6525 0.0000e+00
    19.3702   0.000260      0.030 189.715833    19.3702     0.0100      0.030    -1.6591 0.0000e+00
    19.3880   0.000260      0.035 189.715891    19.3880     0.0100      0.035    -1.6626 0.0000e+00
    19.3410   0.000260      0.037 189.715949    19.3410     0.0100      0.037    -1.6533 0.0000e+00
    19.3152   0.000250      0.034 189.716007    19.3152     0.0100      0.034    -1.6482 0.0000e+00
    19.3195   0.000250      0.025 189.716065    19.3195     0.0100      0.025    -1.6490 0.0000e+00
    19.3112   0.000250      0.026 189.716123    19.3112     0.0100      0.026    -1.6474 0.0000e+00
    19.3120   0.000250      0.028 189.716181    19.3120     0.0100      0.028    -1.6475 0.0000e+00
    19.3290   0.000250      0.034 189.716238    19.3290     0.0100      0.034    -1.6509 0.0000e+00
    19.4271   0.000250      0.034 189.716296    19.4271     0.0100      0.034    -1.6705 0.0000e+00
    19.4843   0.000250      0.030 189.716354    19.4843     0.0100      0.030    -1.6819 0.0000e+00
    19.5382   0.000250      0.037 189.716412    19.5382     0.0101      0.037    -1.6928 0.0000e+00
    19.4928   0.000240      0.030 189.716470    19.4928     0.0100      0.030    -1.6837 0.0000e+00
    19.4766   0.000250      0.032 189.716528    19.4766     0.0100      0.032    -1.6804 0.0000e+00
    19.5205   0.000240      0.035 189.716586    19.5205     0.0100      0.035    -1.6892 0.0000e+00
    19.5152   0.000240      0.030 189.716644    19.5152     0.0100      0.030    -1.6882 0.0000e+00
    19.9306   2.103420      0.354 189.716701    19.9305    14.1223      0.352     8.9266 0.0000e+00
    19.9459   3.225920      0.280 189.716759    19.9459    22.5687      0.278    15.3213 0.0000e+00
    19.9528   3.230360      0.521 189.716817    19.9527    22.5992      0.518    15.3427 0.0000e+00
    19.9542   3.229680      0.352 189.716875    19.9541    22.5933      0.350    15.3379 0.0000e+00
    19.9501   3.207610      0.392 189.716933    19.9500    22.4251      0.389    15.2113 0.0000e+00
    19.9542   3.227280      0.298 189.716991    19.9541    22.5748      0.296    15.3238 0.0000e+00
    19.9546   3.226280      0.622 189.717049    19.9545    22.5668      0.618    15.3177 0.0000e+00
    19.9584   3.228850      0.267 189.717106    19.9584    22.5847      0.265    15.3303 0.0000e+00
    19.9555   3.226800      0.651 189.717164    19.9554    22.5703      0.647    15.3201 0.0000e+00
    19.9544   3.224640      1.035 189.717222    19.9542    22.5541      1.028    15.3081 0.0000e+00
    19.9559   3.224440      1.208 189.717280    19.9557    22.5517      1.200    15.3059 0.0000e+00
    19.9553   3.228270      1.260 189.717338    19.9551    22.5816      1.252    15.3287 0.0000e+00
    19.9503   3.226980      1.141 189.717396    19.9501    22.5743      1.133    15.3245 0.0000e+00
    19.9540   3.231440      1.115 189.717454    19.9538    22.6068      1.108    15.3482 0.0000e+00
    19.9518   3.232870      1.346 189.717512    19.9516    22.6190      1.337    15.3579 0.0000e+00
    19.9527   3.226780      1.075 189.717569    19.9525    22.5715      1.068    15.3217 0.0000e+00
    19.9518   3.227080      1.445 189.717627    19.9516    22.5742      1.435    15.3240 0.0000e+00
    19.9528   3.234690      1.384 189.717685    19.9526    22.6325      1.375    15.3679 0.0000e+00
    19.9489   3.226130      1.242 189.717743    19.9487    22.5685      1.234    15.3204 0.0000e+00
    19.9508   3.224850      0.974 189.717801    19.9506    22.5577      0.967    15.3117 0.0000e+00
    19.9518   3.226950      0.656 189.717859    19.9517    22.5734      0.652    15.3234 0.0000e+00
    19.9481   3.228070      0.559 189.717917    19.9480    22.5841      0.555    15.3324 0.0000e+00
    19.8806   0.889000      0.043 189.717975    19.8806     5.5656      0.043     2.4608 0.0000e+00
    19.2620   0.080300      0.014 189.718032    19.2620     0.4458      0.014    -1.3037 0.0000e+00
    19.1024   0.000460      0.010 189.718090    19.1024     0.0105      0.010    -1.6056 0.0000e+00
    19.0489   0.000640      0.032 189.718148    19.0489     0.0112      0.032    -1.5946 0.0000e+00
    18.9802   0.039660      0.032 189.718206    18.9802     0.2173      0.032    -1.4229 0.0000e+00
    18.9438   0.036340      0.030 189.718264    18.9438     0.1990      0.030    -1.4298 0.0000e+00
    18.9567   0.015470      0.030 189.718322    18.9567     0.0852      0.030    -1.5196 0.0000e+00
    18.9806   0.000730      0.028 189.718380    18.9806     0.0115      0.028    -1.5810 0.0000e+00
    18.9653   0.000710      0.025 189.718437    18.9653     0.0114      0.025    -1.5780 0.0000e+00
    18.9868   0.003400      0.026 189.718495    18.9868     0.0234      0.026    -1.5730 0.0000e+00
    18.9869   0.000680      0.032 189.718553    18.9869     0.0113      0.032    -1.5823 0.0000e+00
    18.9950   0.000620      0.030 189.718611    18.9950     0.0111      0.030    -1.5841 0.0000e+00
    18.9594   0.000580      0.028 189.718669    18.9594     0.0109      0.028    -1.5773 0.0000e+00
    18.8978   0.000540      0.012 189.718727    18.8978     0.0107      0.012    -1.5654 0.0000e+00
    18.9208   0.000540      0.032 189.718785    18.9208     0.0107      0.032    -1.5698 0.0000e+00
    18.9485   0.016750      0.025 189.718843    18.9485     0.0921      0.025    -1.5128 0.0000e+00
    18.9189   0.010590      0.019 189.718900    18.9189     0.0596      0.019    -1.5319 0.0000e+00
    18.9779   0.007230      0.021 189.718958    18.9779     0.0423      0.021    -1.5567 0.0000e+00
    19.0272   0.002270      0.025 189.719016    19.0272     0.0181      0.025    -1.5850 0.0000e+00
    19.0027   0.000580      0.021 189.719074    19.0027     0.0109      0.021    -1.5857 0.0000e+00
    18.9842   0.000550      0.019 189.719132    18.9842     0.0108      0.019    -1.5822 0.0000e+00
    18.9832   0.000550      0.021 189.719190    18.9832     0.0108      0.021    -1.5820 0.0000e+00
    19.0039   0.000540      0.019 189.719248    19.0039     0.0108      0.019    -1.5861 0.0000e+00
    19.0023   0.000530      0.017 189.719306    19.0023     0.0107      0.017    -1.5858 0.0000e+00
    18.9919   0.000520      0.016 189.719363    18.9919     0.0107      0.016    -1.5838 0.0000e+00
    19.0190   0.000510      0.014 189.719421    19.0190     0.0107      0.014    -1.5891 0.0000e+00
    19.0560   0.001010      0.030 189.719479    19.0560     0.0126      0.030    -1.5949 0.0000e+00
    19.0869   0.000530      0.012 189.719537    19.0869     0.0108      0.012    -1.6023 0.0000e+00
    19.0653   0.000610      0.026 189.719595    19.0653     0.0111      0.026    -1.5979 0.0000e+00
    19.0820   0.002250      0.032 189.719653    19.0820     0.0180      0.032    -1.5958 0.0000e+00
    19.1434   0.000660      0.025 189.719711    19.1434     0.0113      0.025    -1.6131 0.0000e+00
    19.1521   0.000740      0.026 189.719769    19.1521     0.0116      0.026    -1.6146 0.0000e+00
    19.1689   0.000570      0.016 189.719826    19.1689     0.0109      0.016    -1.6184 0.0000e+00
    19.1871   0.000570      0.023 189.719884    19.1871     0.0109      0.023    -1.6220 0.0000e+00
    19.2186   0.000570      0.030 189.719942    19.2186     0.0110      0.030    -1.6282 0.0000e+00
    19.1856   0.006770      0.044 189.720000    19.1856     0.0399      0.044    -1.5994 0.0000e+00
    19.1794   0.000820      0.037 189.720058    19.1794     0.0119      0.037    -1.6197 0.0000e+00
    19.1736   0.000820      0.021 189.720116    19.1736     0.0119      0.021    -1.6186 0.0000e+00
    19.2093   0.007430      0.032 189.720174    19.2093     0.0432      0.032    -1.6016 0.0000e+00
    19.2155   0.000640      0.030 189.720231    19.2155     0.0112      0.030    -1.6274 0.0000e+00
    19.2210   0.000600      0.021 189.720289    19.2210     0.0111      0.021    -1.6286 0.0000e+00
    19.2149   0.000580      0.032 189.720347    19.2149     0.0110      0.032    -1.6274 0.0000e+00
    19.2197   0.000560      0.026 189.720405    19.2197     0.0109      0.026    -1.6285 0.0000e+00
    19.2258   0.018680      0.023 189.720463    19.2258     0.1018      0.023    -1.5599 0.0000e+00
    19.2224   0.046670      0.019 189.720521    19.2224     0.2552      0.019    -1.4417 0.0000e+00
    19.2534   0.024370      0.023 189.720579    19.2534     0.1323      0.023    -1.5420 0.0000e+00
    19.3092   0.004930      0.030 189.720637    19.3092     0.0308      0.030    -1.6310 0.0000e+00
    19.2853   0.009610      0.028 189.720694    19.2853     0.0542      0.028    -1.6082 0.0000e+00
    19.2891   0.002760      0.025 189.720752    19.2891     0.0204      0.025    -1.6350 0.0000e+00
    19.3529   0.000760      0.021 189.720810    19.3529     0.0117      0.021    -1.6543 0.0000e+00
    19.4073   0.001580      0.021 189.720868    19.4073     0.0151      0.021    -1.6626 0.0000e+00
    19.3722   0.000820      0.019 189.720926    19.3722     0.0119      0.019    -1.6580 0.0000e+00
    19.3861   0.011410      0.021 189.720984    19.3861     0.0634      0.021    -1.6213 0.0000e+00
    19.3659   0.000810      0.028 189.721042    19.3659     0.0119      0.028    -1.6568 0.0000e+00
    19.3448   0.000770      0.021 189.721100    19.3448     0.0117      0.021    -1.6527 0.0000e+00
    19.3730   0.000760      0.019 189.721157    19.3730     0.0117      0.019    -1.6583 0.0000e+00
    19.3904   0.000740      0.026 189.721215    19.3904     0.0116      0.026    -1.6619 0.0000e+00
    19.4119   0.000730      0.030 189.721273    19.4119     0.0116      0.030    -1.6662 0.0000e+00
    19.3975   0.000740      0.037 189.721331    19.3975     0.0116      0.037    -1.6633 0.0000e+00
    19.3785   0.000740      0.032 189.721389    19.3785     0.0116      0.032    -1.6595 0.0000e+00
    19.3472   0.013500      0.059 189.721447    19.3472     0.0743      0.059    -1.6052 0.0000e+00
    19.3578   0.005110      0.035 189.721505    19.3578     0.0316      0.035    -1.6400 0.0000e+00
    19.3701   0.001240      0.032 189.721563    19.3701     0.0136      0.032    -1.6563 0.0000e+00
    19.4079   0.001190      0.017 189.721620    19.4079     0.0134      0.017    -1.6640 0.0000e+00
    19.4287   0.000800      0.026 189.721678    19.4287     0.0119      0.026    -1.6694 0.0000e+00
    19.4101   0.000750      0.025 189.721736    19.4101     0.0117      0.025    -1.6658 0.0000e+00
    19.4318   0.000780      0.023 189.721794    19.4318     0.0118      0.023    -1.6700 0.0000e+00
    19.4615   0.000740      0.023 189.721852    19.4615     0.0117      0.023    -1.6761 0.0000e+00
    19.4612   0.003940      0.032 189.721910    19.4612     0.0260      0.032    -1.6651 0.0000e+00
    19.4611   0.003540      0.028 189.721968    19.4611     0.0240      0.028    -1.6665 0.0000e+00
    19.4561   0.003270      0.021 189.722025    19.4561     0.0228      0.021    -1.6665 0.0000e+00
    19.4716   0.005790      0.032 189.722083    19.4716     0.0349      0.032    -1.6603 0.0000e+00
    19.4420   0.000860      0.023 189.722141    19.4420     0.0121      0.023    -1.6718 0.0000e+00
    19.4296   0.000830      0.017 189.722199    19.4296     0.0120      0.017    -1.6694 0.0000e+00
    19.4383   0.000820      0.019 189.722257    19.4383     0.0120      0.019    -1.6712 0.0000e+00
    19.3991   0.000810      0.030 189.722315    19.3991     0.0119      0.030    -1.6634 0.0000e+00
    19.4482   0.000790      0.019 189.722373    19.4482     0.0119      0.019    -1.6733 0.0000e+00
    19.4507   0.000780      0.025 189.722431    19.4507     0.0118      0.025    -1.6738 0.0000e+00
    19.4151   0.000780      0.028 189.722488    19.4151     0.0118      0.028    -1.6667 0.0000e+00
    19.4167   0.000770      0.021 189.722546    19.4167     0.0118      0.021    -1.6670 0.0000e+00
    19.4262   0.000770      0.019 189.722604    19.4262     0.0118      0.019    -1.6689 0.0000e+00
    19.4292   0.000760      0.021 189.722662    19.4292     0.0117      0.021    -1.6696 0.0000e+00
    19.4414   0.000760      0.021 189.722720    19.4414     0.0117      0.021    -1.6720 0.0000e+00
    19.4431   0.000750      0.026 189.722778    19.4431     0.0117      0.026    -1.6724 0.0000e+00
    19.4733   0.000730      0.019 189.722836    19.4733     0.0116      0.019    -1.6785 0.0000e+00
    19.4759   0.000730      0.019 189.722894    19.4759     0.0116      0.019    -1.6790 0.0000e+00
    19.5006   0.000720      0.019 189.722951    19.5006     0.0116      0.019    -1.6840 0.0000e+00
    19.5163   0.000720      0.023 189.723009    19.5163     0.0116      0.023    -1.6872 0.0000e+00
    19.5154   0.000710      0.019 189.723067    19.5154     0.0116      0.019    -1.6870 0.0000e+00
    19.4977   0.000710      0.023 189.723125    19.4977     0.0116      0.023    -1.6835 0.0000e+00
    19.4792   0.000700      0.016 189.723183    19.4792     0.0115      0.016    -1.6798 0.0000e+00
    19.4771   0.000700      0.032 189.723241    19.4771     0.0115      0.032    -1.6793 0.0000e+00
    19.4771   0.000680      0.028 189.723299    19.4771     0.0114      0.028    -1.6794 0.0000e+00
    19.4680   0.000670      0.019 189.723356    19.4680     0.0114      0.019    -1.6776 0.0000e+00
    19.4592   0.000670      0.019 189.723414    19.4592     0.0114      0.019    -1.6758 0.0000e+00
    19.4748   0.000670      0.019 189.723472    19.4748     0.0114      0.019    -1.6790 0.0000e+00
