data/raw/08-07-17/stations_08_07_2017.cnv
* Sea-Bird SBE37 Data File:
* FileName = D:\Prof-Arnaldo\CTD_LAGOA_07_2017\08_07_2017.asc
* Software Version 1.59
* Temperature SN = 2603
* Conductivity SN = 2603
* System UpLoad Time = Jul 08 2017 18:38:25
* ds
* SBE37-SM V 2.2  SERIAL NO. 2603    08 Jul 2017  18:37:02
# nquan = 5
# nvalues =     3138
# units = metric
# name 0 = t090: temperature, ITS-90 [deg C]
# name 1 = c0S/m: conductivity [S/m]
# name 2 = pr: pressure [db]
# name 3 = timeJ: time [julian days]
# name 4 = flag:  0.000e+00
# span 0 = 18.0497, 25.4045           
# span 1 = 0.00004, 4.54369           
# span 2 = 0.001, 7.173               
# span 3 = 189.593889, 189.775440     
# span 4 = 0.000e+00, 0.000e+00       
# interval = seconds: 5
# start_time = Jul 08 2017 14:15:12
# bad_flag = -9.990e-29
*END*
[from data line 286]
    23.5981    0.00010      0.035 189.610451  0.000e+00
    23.6093    0.00010      0.035 189.610509  0.000e+00
    23.5168    0.00010      0.032 189.610567  0.000e+00
    23.3930    0.00009      0.034 189.610625  0.000e+00
    23.2850    0.00009      0.037 189.610683  0.000e+00
    23.2242    0.00010      0.041 189.610741  0.000e+00
    22.9298    0.00010      0.039 189.610799  0.000e+00
    22.5344    0.00010      0.043 189.610856  0.000e+00
    22.1700    0.00010      0.039 189.610914  0.000e+00
    21.9366    0.00010      0.044 189.610972  0.000e+00
    21.9386    0.00010      0.037 189.611030  0.000e+00
    22.0993    0.00010      0.039 189.611088  0.000e+00
    22.2283    0.00010      0.039 189.611146  0.000e+00
    22.4984    0.00010      0.039 189.611204  0.000e+00
    22.5363    0.00010      0.041 189.611262  0.000e+00
    22.5251    0.00010      0.041 189.611319  0.000e+00
    22.5782    0.00010      0.037 189.611377  0.000e+00
    22.5987    0.00010      0.039 189.611435  0.000e+00
    22.6179    0.00010      0.037 189.611493  0.000e+00
    22.6565    0.00010      0.039 189.611551  0.000e+00
    22.7243    0.00010      0.041 189.611609  0.000e+00
    22.7032    0.00010      0.039 189.611667  0.000e+00
    22.7932    0.00010      0.039 189.611725  0.000e+00
    22.9796    0.00010      0.039 189.611782  0.000e+00
    23.0435    0.00010      0.039 189.611840  0.000e+00
    23.0243    0.00009      0.039 189.611898  0.000e+00
    23.1921    0.00009      0.041 189.611956  0.000e+00
    23.3216    0.00009      0.041 189.612014  0.000e+00
    23.3489    0.00009      0.039 189.612072  0.000e+00
    23.1427    0.00009      0.034 189.612130  0.000e+00
    22.9736    0.00010      0.039 189.612188  0.000e+00
    22.9349    0.00010      0.050 189.612245  0.000e+00
    22.9068    0.00010      0.035 189.612303  0.000e+00
    22.9356    0.00010      0.039 189.612361  0.000e+00
    22.7730    0.00010      0.043 189.612419  0.000e+00
    22.7835    0.00010      0.039 189.612477  0.000e+00
    22.8895    0.00010      0.043 189.612535  0.000e+00
    22.9447    0.00009      0.039 189.612593  0.000e+00
    22.9552    0.00010      0.039 189.612650  0.000e+00
    23.0545    0.00010      0.032 189.612708  0.000e+00
    22.9351    0.00010      0.041 189.612766  0.000e+00
    22.8293    0.00010      0.035 189.612824  0.000e+00
    22.7263    0.00010      0.037 189.612882  0.000e+00
    22.6070    0.00010      0.037 189.612940  0.000e+00
    22.7413    0.00010      0.039 189.612998  0.000e+00
    22.6712    0.00010      0.044 189.613056  0.000e+00
    22.7397    0.00010      0.035 189.613113  0.000e+00
    22.8134    0.00010      0.039 189.613171  0.000e+00
    22.8284    0.00010      0.035 189.613229  0.000e+00
    22.8623    0.00010      0.041 189.613287  0.000e+00
    22.9654    0.00010      0.052 189.613345  0.000e+00
    23.0132    0.00010      0.035 189.613403  0.000e+00
    22.9860    0.00010      0.037 189.613461  0.000e+00
    22.9335    0.00010      0.041 189.613519  0.000e+00
    22.9260    0.00009      0.037 189.613576  0.000e+00
    22.9229    0.00010      0.044 189.613634  0.000e+00
    22.9664    0.00010      0.034 189.613692  0.000e+00
    23.0269    0.00009      0.044 189.613750  0.000e+00
    22.9230    0.00010      0.039 189.613808  0.000e+00
    22.8116    0.00010      0.037 189.613866  0.000e+00
    22.7391    0.00010      0.039 189.613924  0.000e+00
    22.7189    0.00010      0.035 189.613981  0.000e+00
    22.7198    0.00010      0.041 189.614039  0.000e+00
    22.7028    0.00010      0.039 189.614097  0.000e+00
    22.6255    0.00010      0.037 189.614155  0.000e+00
    22.6584    0.00010      0.035 189.614213  0.000e+00
    22.7141    0.00010      0.043 189.614271  0.000e+00
    22.7453    0.00010      0.035 189.614329  0.000e+00
    22.7539    0.00010      0.043 189.614387  0.000e+00
    22.7693    0.00010      0.041 189.614444  0.000e+00
    22.7053    0.00010      0.039 189.614502  0.000e+00
    22.8546    0.00010      0.041 189.614560  0.000e+00
    23.0037    0.00010      0.041 189.614618  0.000e+00
    23.0806    0.00010      0.039 189.614676  0.000e+00
    22.6881    0.00010      0.041 189.614734  0.000e+00
    19.7455    3.10103      0.062 189.614792  0.000e+00
    19.3452    4.51047      0.156 189.614850  0.000e+00
    19.3529    4.50315      0.167 189.614907  0.000e+00
    19.3561    4.50490      0.224 189.614965  0.000e+00
    19.3560    4.50191      0.210 189.615023  0.000e+00
    19.3475    4.50783      0.426 189.615081  0.000e+00
    19.3440    4.50298      0.631 189.615139  0.000e+00
    19.3549    4.50443      0.749 189.615197  0.000e+00
    19.3571    4.50114      0.890 189.615255  0.000e+00
    19.3377    4.49968      1.023 189.615312  0.000e+00
    19.3430    4.50045      1.226 189.615370  0.000e+00
    19.3391    4.50018      1.325 189.615428  0.000e+00
    19.3390    4.49917      1.361 189.615486  0.000e+00
    19.3314    4.50045      1.472 189.615544  0.000e+00
    19.3311    4.50037      1.614 189.615602  0.000e+00
    19.3305    4.50008      1.785 189.615660  0.000e+00
    19.3294    4.49997      2.021 189.615718  0.000e+00
    19.3282    4.50060      2.255 189.615775  0.000e+00
    19.3260    4.50215      2.613 189.615833  0.000e+00
    19.3273    4.50203      2.927 189.615891  0.000e+00
    19.3257    4.50274      3.141 189.615949  0.000e+00
    19.3254    4.50279      3.362 189.616007  0.000e+00
    19.3231    4.50321      3.571 189.616065  0.000e+00
    19.3236    4.50460      4.037 189.616123  0.000e+00
    19.3239    4.50605      4.501 189.616181  0.000e+00
    19.3228    4.50629      4.758 189.616238  0.000e+00
    19.3224    4.50763      5.093 189.616296  0.000e+00
    19.3230    4.50691      5.285 189.616354  0.000e+00
    19.3226    4.50754      5.715 189.616412  0.000e+00
    19.3233    4.50737      5.941 189.616470  0.000e+00
    19.3238    4.50751      6.287 189.616528  0.000e+00
    19.3243    4.50763      6.785 189.616586  0.000e+00
    19.3233    4.50721      7.173 189.616644  0.000e+00
    19.3237    4.50603      6.909 189.616701  0.000e+00
    19.3230    4.50384      7.173 189.616759  0.000e+00
    19.3252    4.50551      6.918 189.616817  0.000e+00
    19.3276    4.50568      6.510 189.616875  0.000e+00
    19.3309    4.50668      6.145 189.616933  0.000e+00
    19.3313    4.50420      5.844 189.616991  0.000e+00
    19.3317    4.50396      5.427 189.617049  0.000e+00
    19.3331    4.50350      4.778 189.617106  0.000e+00
    19.3363    4.50403      4.217 189.617164  0.000e+00
    19.3535    4.50307      3.762 189.617222  0.000e+00
    19.3532    4.50205      3.352 189.617280  0.000e+00
    19.3562    4.50195      2.749 189.617338  0.000e+00
    19.3503    4.44027      2.355 189.617396  0.000e+00
    19.3574    4.16649      1.836 189.617454  0.000e+00
    19.3519    4.47521      1.381 189.617512  0.000e+00
    19.3712    4.44736      0.710 189.617569  0.000e+00
    19.3602    4.26486      0.264 189.617627  0.000e+00
    19.3616    3.55025      0.084 189.617685  0.000e+00
    19.2559    0.13710      0.071 189.617743  0.000e+00
    19.2092    0.03000      0.068 189.617801  0.000e+00
    19.4396    0.00522      0.068 189.617859  0.000e+00
    19.4634    0.00010      0.066 189.617917  0.000e+00
    19.5713    0.00010      0.066 189.617975  0.000e+00
    19.5310    0.00010      0.064 189.618032  0.000e+00
    19.6079    0.00010      0.064 189.618090  0.000e+00
    19.6440    0.00010      0.062 189.618148  0.000e+00
    19.7449    0.00010      0.062 189.618206  0.000e+00
    19.7859    0.00010      0.062 189.618264  0.000e+00
    19.7771    0.00010      0.061 189.618322  0.000e+00
    19.8028    0.00010      0.059 189.618380  0.000e+00
    19.8744    0.00010      0.059 189.618438  0.000e+00
    19.8888    0.00010      0.057 189.618495  0.000e+00
    19.8953    0.00009      0.057 189.618553  0.000e+00
    20.0257    0.00009      0.057 189.618611  0.000e+00
    19.9599    0.00009      0.055 189.618669  0.000e+00
    19.9397    0.00009      0.053 189.618727  0.000e+00
    19.8802    0.00009      0.052 189.618785  0.000e+00
    19.9023    0.00009      0.052 189.618843  0.000e+00
    20.0791    0.00009      0.050 189.618900  0.000e+00
    20.1373    0.00009      0.050 189.618958  0.000e+00
    20.1932    0.00009      0.050 189.619016  0.000e+00
    20.3770    0.00009      0.048 189.619074  0.000e+00
    20.4640    0.00009      0.046 189.619132  0.000e+00
    20.6406    0.00009      0.046 189.619190  0.000e+00
    20.7199    0.00009      0.044 189.619248  0.000e+00
    20.6995    0.00009      0.044 189.619306  0.000e+00
    20.7173    0.00008      0.043 189.619363  0.000e+00
    21.0443    0.00008      0.043 189.619421  0.000e+00
    21.2806    0.00008      0.041 189.619479  0.000e+00
    21.2931    0.00008      0.039 189.619537  0.000e+00
    21.2408    0.00009      0.039 189.619595  0.000e+00
    21.3111    0.00008      0.037 189.619653  0.000e+00
    21.3391    0.00008      0.037 189.619711  0.000e+00
    21.3078    0.00008      0.037 189.619769  0.000e+00
    21.4767    0.00008      0.035 189.619826  0.000e+00
    21.4843    0.00008      0.035 189.619884  0.000e+00
    21.4876    0.00008      0.034 189.619942  0.000e+00
    21.5230    0.00008      0.034 189.620000  0.000e+00
    21.6198    0.00008      0.032 189.620058  0.000e+00
    21.6974    0.00008      0.032 189.620116  0.000e+00
    21.8797    0.00008      0.032 189.620174  0.000e+00
    22.0599    0.00008      0.030 189.620231  0.000e+00
    22.3391    0.00008      0.028 189.620289  0.000e+00
    22.5713    0.00008      0.028 189.620347  0.000e+00
    22.7412    0.00007      0.028 189.620405  0.000e+00
    22.9904    0.00008      0.026 189.620463  0.000e+00
    23.0977    0.00008      0.026 189.620521  0.000e+00
    23.1995    0.00007      0.025 189.620579  0.000e+00
    23.2032    0.00008      0.025 189.620637  0.000e+00
    23.2820    0.00008      0.025 189.620694  0.000e+00
    23.3101    0.00008      0.023 189.620752  0.000e+00
    23.1246    0.00008      0.023 189.620810  0.000e+00
    22.6479    0.00008      0.023 189.620868  0.000e+00
    22.0668    0.00008      0.032 189.620926  0.000e+00
    21.6104    0.00008      0.037 189.620984  0.000e+00
    20.8320    0.00008      0.035 189.621042  0.000e+00
    19.5345    4.54352      0.145 189.621100  0.000e+00
    19.3950    4.53107      0.154 189.621157  0.000e+00
    19.3779    4.54369      0.287 189.621215  0.000e+00
    19.3824    4.52399      0.291 189.621273  0.000e+00
    19.3718    4.52663      0.485 189.621331  0.000e+00
    19.3862    4.51136      0.532 189.621389  0.000e+00
    19.3853    4.50846      0.722 189.621447  0.000e+00
    19.3880    4.50647      0.877 189.621505  0.000e+00
    19.3844    4.50559      0.999 189.621562  0.000e+00
    19.3798    4.50473      1.062 189.621620  0.000e+00
    19.3848    4.50585      1.325 189.621678  0.000e+00
    19.3706    4.50487      1.447 189.621736  0.000e+00
    19.3651    4.50556      1.710 189.621794  0.000e+00
    19.3719    4.50437      1.899 189.621852  0.000e+00
    19.3665    4.50357      2.089 189.621910  0.000e+00
    19.3766    4.50540      2.469 189.621968  0.000e+00
    19.3777    4.50574      2.690 189.622025  0.000e+00
    19.3649    4.50653      3.064 189.622083  0.000e+00
    19.3630    4.50434      3.431 189.622141  0.000e+00
    19.3600    4.50532      3.924 189.622199  0.000e+00
    19.3597    4.50587      4.168 189.622257  0.000e+00
    19.3598    4.50549      4.150 189.622315  0.000e+00
    19.3597    4.50464      3.895 189.622373  0.000e+00
    19.3617    4.50493      3.532 189.622431  0.000e+00
    19.3633    4.50457      3.337 189.622488  0.000e+00
    19.3640    4.50469      2.943 189.622546  0.000e+00
    19.3669    4.50420      2.620 189.622604  0.000e+00
    19.3711    4.50372      2.132 189.622662  0.000e+00
    19.3724    4.50388      1.677 189.622720  0.000e+00
    19.3708    4.50393      1.266 189.622778  0.000e+00
    19.3681    4.50366      0.976 189.622836  0.000e+00
    19.3761    4.50366      0.663 189.622894  0.000e+00
    19.3790    4.50328      0.338 189.622951  0.000e+00
    19.3896    4.50364      0.156 189.623009  0.000e+00
    19.3853    4.50357      0.170 189.623067  0.000e+00
    19.2747    0.46564      0.044 189.623125  0.000e+00
    19.1616    0.12696      0.037 189.623183  0.000e+00
    19.1368    0.01453      0.032 189.623241  0.000e+00
    19.0676    0.00035      0.030 189.623299  0.000e+00
    19.1285    0.00009      0.028 189.623356  0.000e+00
    19.2343    0.00009      0.030 189.623414  0.000e+00
    19.4518    0.00009      0.030 189.623472  0.000e+00
    19.4114    0.00008      0.030 189.623530  0.000e+00
    19.4312    0.00008      0.030 189.623588  0.000e+00
    19.4343    0.00008      0.030 189.623646  0.000e+00
    19.3895    0.00008      0.028 189.623704  0.000e+00
    19.4970    0.00008      0.030 189.623762  0.000e+00
    19.6805    0.00008      0.030 189.623819  0.000e+00
    19.8149    0.00008      0.026 189.623877  0.000e+00
    19.8731    0.00008      0.028 189.623935  0.000e+00
    19.8088    0.00008      0.026 189.623993  0.000e+00
    19.6999    0.00008      0.026 189.624051  0.000e+00
    19.6874    0.00008      0.026 189.624109  0.000e+00
    19.6921    0.00008      0.026 189.624167  0.000e+00
    19.6866    0.00008      0.025 189.624225  0.000e+00
    19.7495    0.00008      0.025 189.624282  0.000e+00
    19.8287    0.00008      0.025 189.624340  0.000e+00
    20.0286    0.00008      0.025 189.624398  0.000e+00
    20.1447    0.00008      0.025 189.624456  0.000e+00
    20.2919    0.00008      0.025 189.624514  0.000e+00
    20.5214    0.00008      0.023 189.624572  0.000e+00
    20.6819    0.00007      0.023 189.624630  0.000e+00
    20.8260    0.00008      0.023 189.624687  0.000e+00
    20.9464    0.00007      0.021 189.624745  0.000e+00
    20.9949    0.00008      0.021 189.624803  0.000e+00
    21.0185    0.00007      0.021 189.624861  0.000e+00
    21.0504    0.00008      0.021 189.624919  0.000e+00
    21.0592    0.00008      0.019 189.624977  0.000e+00
    21.0856    0.00008      0.017 189.625035  0.000e+00
    21.0808    0.00007      0.019 189.625093  0.000e+00
    21.0486    0.00007      0.019 189.625150  0.000e+00
    20.9504    0.00008      0.017 189.625208  0.000e+00
    20.8821    0.00007      0.019 189.625266  0.000e+00
    20.8457    0.00010      0.017 189.625324  0.000e+00
    20.8450    0.00009      0.017 189.625382  0.000e+00
    20.6279    0.00009      0.017 189.625440  0.000e+00
    20.7660    0.00009      0.017 189.625498  0.000e+00
    20.9802    0.00006      0.016 189.625556  0.000e+00
    21.1145    0.00008      0.014 189.625613  0.000e+00
    21.2930    0.00008      0.014 189.625671  0.000e+00
    21.0373    0.00008      0.016 189.625729  0.000e+00
    20.7183    0.00008      0.012 189.625787  0.000e+00
    20.4520    0.00007      0.016 189.625845  0.000e+00
    19.4677    4.51071      0.082 189.625903  0.000e+00
    19.3492    4.50523      0.145 189.625961  0.000e+00
    19.3466    4.50438      0.156 189.626019  0.000e+00
    19.3477    4.49849      0.136 189.626076  0.000e+00
    19.3493    4.50749      0.163 189.626134  0.000e+00
    19.3441    4.50760      0.244 189.626192  0.000e+00
    19.3444    4.50763      0.410 189.626250  0.000e+00
    19.3403    4.50784      0.598 189.626308  0.000e+00
    19.3410    4.50619      0.697 189.626366  0.000e+00
    19.3356    4.50526      0.791 189.626424  0.000e+00
    19.3378    4.50810      1.016 189.626481  0.000e+00
    19.3388    4.50763      1.165 189.626539  0.000e+00
    19.3334    4.50698      1.305 189.626597  0.000e+00
    19.3341    4.50633      1.444 189.626655  0.000e+00
    19.3341    4.50606      1.561 189.626713  0.000e+00
    19.3372    4.50688      1.780 189.626771  0.000e+00
    19.3361    4.50703      1.904 189.626829  0.000e+00
    19.3388    4.50582      1.978 189.626887  0.000e+00
