data/raw/08-07-17/stations_08_07_2017.cnv
* Sea-Bird SBE37 Data File:
* FileName = D:\Prof-Arnaldo\CTD_LAGOA_07_2017\08_07_2017.asc
* Software Version 1.59
* Temperature SN = 2603
* Conductivity SN = 2603
* System UpLoad Time = Jul 08 2017 18:38:25
* ds
* SBE37-SM V 2.2  SERIAL NO. 2603    08 Jul 2017  18:37:02
# nquan = 5
# nvalues =     3138
# units = metric
# name 0 = t090: temperature, ITS-90 [deg C]
# name 1 = c0S/m: conductivity [S/m]
# name 2 = pr: pressure [db]
# name 3 = timeJ: time [julian days]
# name 4 = flag:  0.000e+00
# span 0 = 18.0497, 25.4045           
# span 1 = 0.00004, 4.54369           
# span 2 = 0.001, 7.173               
# span 3 = 189.593889, 189.775440     
# span 4 = 0.000e+00, 0.000e+00       
# interval = seconds: 5
# start_time = Jul 08 2017 14:15:12
# bad_flag = -9.990e-29
*END*
[from data line 572]
    19.3379    4.50549      2.375 189.627002  0.000e+00
    19.3362    4.50557      2.667 189.627060  0.000e+00
    19.3374    4.50574      2.834 189.627118  0.000e+00
    19.3370    4.50543      3.150 189.627176  0.000e+00
    19.3373    4.50536      3.487 189.627234  0.000e+00
    19.3385    4.50520      3.528 189.627292  0.000e+00
    19.3378    4.50570      3.893 189.627350  0.000e+00
    19.3384    4.50562      3.726 189.627407  0.000e+00
    19.3402    4.50573      3.625 189.627465  0.000e+00
    19.3401    4.50551      3.497 189.627523  0.000e+00
    19.3402    4.50577      3.082 189.627581  0.000e+00
    19.3407    4.50588      2.722 189.627639  0.000e+00
    19.3388    4.50571      2.681 189.627697  0.000e+00
    19.3399    4.50588      2.454 189.627755  0.000e+00
    19.3425    4.50590      2.145 189.627813  0.000e+00
    19.3468    4.50605      1.823 189.627870  0.000e+00
    19.3496    4.50638      1.397 189.627928  0.000e+00
    19.3496    4.50618      1.086 189.627986  0.000e+00
    19.3506    4.50644      0.679 189.628044  0.000e+00
    19.3465    4.50619      0.420 189.628102  0.000e+00
    19.3459    4.50573      0.266 189.628160  0.000e+00
    19.3487    4.50576      0.249 189.628218  0.000e+00
    19.3495    4.50582      0.242 189.628275  0.000e+00
    19.2738    0.30074      0.032 189.628333  0.000e+00
    19.1150    0.03313      0.043 189.628391  0.000e+00
    19.3560    0.00011      0.043 189.628449  0.000e+00
    19.5772    0.00011      0.041 189.628507  0.000e+00
    19.8238    0.00011      0.041 189.628565  0.000e+00
    19.9640    0.00011      0.039 189.628623  0.000e+00
    20.1492    0.00011      0.039 189.628681  0.000e+00
    20.3244    0.00011      0.039 189.628738  0.000e+00
    20.4598    0.00011      0.039 189.628796  0.000e+00
    20.4035    0.00011      0.037 189.628854  0.000e+00
    20.3385    0.00011      0.037 189.628912  0.000e+00
    20.2215    0.00011      0.037 189.628970  0.000e+00
    20.1003    0.00011      0.039 189.629028  0.000e+00
    20.0800    0.00011      0.039 189.629086  0.000e+00
    20.0636    0.00011      0.039 189.629144  0.000e+00
    20.2840    0.00011      0.037 189.629201  0.000e+00
    20.5794    0.00011      0.037 189.629259  0.000e+00
    20.7370    0.00011      0.035 189.629317  0.000e+00
    20.7957    0.00016      0.039 189.629375  0.000e+00
    20.8842    0.00013      0.041 189.629433  0.000e+00
    20.9240    0.00010      0.039 189.629491  0.000e+00
    20.9843    0.00010      0.037 189.629549  0.000e+00
    21.0403    0.00010      0.037 189.629606  0.000e+00
    21.0750    0.00010      0.037 189.629664  0.000e+00
    20.9980    0.00010      0.035 189.629722  0.000e+00
    20.9913    0.00010      0.035 189.629780  0.000e+00
    21.0173    0.00010      0.035 189.629838  0.000e+00
    21.0264    0.00011      0.035 189.629896  0.000e+00
    20.6705    0.00011      0.035 189.629954  0.000e+00
    20.4178    0.00011      0.035 189.630012  0.000e+00
    20.2661    0.00012      0.032 189.630069  0.000e+00
    20.1294    0.00012      0.034 189.630127  0.000e+00
    20.0241    0.00014      0.032 189.630185  0.000e+00
    19.9327    0.00023      0.032 189.630243  0.000e+00
    19.8955    0.01363      0.030 189.630301  0.000e+00
    19.8550    0.01608      0.028 189.630359  0.000e+00
    19.8573    0.01392      0.028 189.630417  0.000e+00
    19.8339    0.01259      0.032 189.630475  0.000e+00
    19.6421    0.01081      0.021 189.630532  0.000e+00
    19.5725    0.00013      0.016 189.630590  0.000e+00
    19.4454    2.89598      0.053 189.630648  0.000e+00
    19.3562    4.33374      0.143 189.630706  0.000e+00
    19.3564    4.25489      0.192 189.630764  0.000e+00
    19.3589    4.51670      0.323 189.630822  0.000e+00
    19.3583    4.51702      0.327 189.630880  0.000e+00
    19.3524    4.51325      0.419 189.630937  0.000e+00
    19.3579    4.50499      0.521 189.630995  0.000e+00
    19.3485    4.50386      0.611 189.631053  0.000e+00
    19.3491    4.50331      0.694 189.631111  0.000e+00
    19.3461    4.50210      0.874 189.631169  0.000e+00
    19.3483    4.50283      1.048 189.631227  0.000e+00
    19.3498    4.50321      1.208 189.631285  0.000e+00
    19.3440    4.50414      1.507 189.631343  0.000e+00
    19.3495    4.50359      1.717 189.631400  0.000e+00
    19.3482    4.50363      2.073 189.631458  0.000e+00
    19.3504    4.50413      2.303 189.631516  0.000e+00
    19.3423    4.50266      2.382 189.631574  0.000e+00
    19.3416    4.50309      2.916 189.631632  0.000e+00
    19.3440    4.50230      3.328 189.631690  0.000e+00
    19.3434    4.50191      3.661 189.631748  0.000e+00
    19.3422    4.50197      4.145 189.631806  0.000e+00
    19.3444    4.50134      4.641 189.631863  0.000e+00
    19.3476    4.50209      4.900 189.631921  0.000e+00
    19.3437    4.50204      5.058 189.631979  0.000e+00
    19.3421    4.50191      5.267 189.632037  0.000e+00
    19.3423    4.50120      5.267 189.632095  0.000e+00
    19.3437    4.50089      5.048 189.632153  0.000e+00
    19.3434    4.50058      4.625 189.632211  0.000e+00
    19.3465    4.50128      4.201 189.632269  0.000e+00
    19.3445    4.50068      3.708 189.632326  0.000e+00
    19.3441    4.50083      3.388 189.632384  0.000e+00
    19.3431    4.50084      3.012 189.632442  0.000e+00
    19.3441    4.50128      2.488 189.632500  0.000e+00
    19.3493    4.50199      1.938 189.632558  0.000e+00
    19.3451    4.50126      1.521 189.632616  0.000e+00
    19.3500    4.50233      1.037 189.632674  0.000e+00
    19.3523    4.50260      0.629 189.632731  0.000e+00
    19.3546    4.50294      0.347 189.632789  0.000e+00
    19.3512    4.50248      0.124 189.632847  0.000e+00
    19.1291    0.30101      0.017 189.632905  0.000e+00
    19.0098    0.03462      0.035 189.632963  0.000e+00
    19.0675    0.00010      0.035 189.633021  0.000e+00
    19.3691    0.00010      0.035 189.633079  0.000e+00
    19.5883    0.00009      0.037 189.633137  0.000e+00
    19.7431    0.00009      0.037 189.633194  0.000e+00
    19.9026    0.00009      0.037 189.633252  0.000e+00
    20.0215    0.00009      0.037 189.633310  0.000e+00
    20.2075    0.00009      0.037 189.633368  0.000e+00
    20.2749    0.00009      0.037 189.633426  0.000e+00
    20.2914    0.00009      0.037 189.633484  0.000e+00
    20.6167    0.00009      0.037 189.633542  0.000e+00
    20.7945    0.00009      0.037 189.633600  0.000e+00
    21.0545    0.00008      0.035 189.633657  0.000e+00
    21.1767    0.00009      0.037 189.633715  0.000e+00
    21.3380    0.00011      0.035 189.633773  0.000e+00
    21.4931    0.00007      0.032 189.633831  0.000e+00
    21.6513    0.00007      0.032 189.633889  0.000e+00
    21.7922    0.00009      0.032 189.633947  0.000e+00
    21.8709    0.00009      0.026 189.634005  0.000e+00
    22.0050    0.00009      0.028 189.634063  0.000e+00
    22.1091    0.00009      0.019 189.634120  0.000e+00
    22.1781    0.00009      0.025 189.634178  0.000e+00
    22.3951    0.00009      0.021 189.634236  0.000e+00
    22.5184    0.00009      0.025 189.634294  0.000e+00
    22.6639    0.00009      0.028 189.634352  0.000e+00
    22.7306    0.00009      0.025 189.634410  0.000e+00
    22.7531    0.00008      0.026 189.634468  0.000e+00
    22.7878    0.00008      0.025 189.634525  0.000e+00
    22.7600    0.00008      0.023 189.634583  0.000e+00
    22.6991    0.00009      0.021 189.634641  0.000e+00
    22.3454    0.00009      0.012 189.634699  0.000e+00
    21.7505    0.00009      0.017 189.634757  0.000e+00
    21.2648    0.09984      0.032 189.634815  0.000e+00
    19.8182    2.09267      0.147 189.634873  0.000e+00
    19.8119    2.01587      0.129 189.634931  0.000e+00
    19.8273    2.00089      0.127 189.634988  0.000e+00
    19.8346    1.97908      0.222 189.635046  0.000e+00
    19.8365    1.97277      0.454 189.635104  0.000e+00
    19.8651    2.03750      0.726 189.635162  0.000e+00
    19.8806    2.12669      0.863 189.635220  0.000e+00
    19.1543    2.62374      1.136 189.635278  0.000e+00
    19.3586    2.95908      1.390 189.635336  0.000e+00
    19.2585    3.23289      1.602 189.635394  0.000e+00
    19.2262    3.47965      1.828 189.635451  0.000e+00
    19.0962    3.69420      2.269 189.635509  0.000e+00
    19.1271    3.80642      2.604 189.635567  0.000e+00
    19.1162    3.93149      2.852 189.635625  0.000e+00
    19.1262    3.99674      3.148 189.635683  0.000e+00
    19.1477    4.04653      3.508 189.635741  0.000e+00
    19.1576    4.07838      3.528 189.635799  0.000e+00
    19.1617    4.18211      3.476 189.635856  0.000e+00
    19.1615    4.22378      3.535 189.635914  0.000e+00
    19.1643    4.23063      3.404 189.635972  0.000e+00
    19.1480    4.22685      3.231 189.636030  0.000e+00
    19.1448    4.16921      3.202 189.636088  0.000e+00
    19.1415    4.15039      2.996 189.636146  0.000e+00
    19.1248    4.13865      2.711 189.636204  0.000e+00
    19.1259    4.11155      2.679 189.636262  0.000e+00
    19.1409    4.06188      2.404 189.636319  0.000e+00
    19.1384    4.02209      2.247 189.636377  0.000e+00
    19.1285    3.91349      1.938 189.636435  0.000e+00
    19.2302    3.75611      1.659 189.636493  0.000e+00
    19.2647    3.55473      1.248 189.636551  0.000e+00
    19.3391    3.47776      1.064 189.636609  0.000e+00
    19.3148    3.08421      0.836 189.636667  0.000e+00
    19.8492    2.59044      0.525 189.636725  0.000e+00
    19.8351    2.09765      0.303 189.636782  0.000e+00
    19.8187    0.42770      0.037 189.636840  0.000e+00
    19.0488    0.01952      0.032 189.636898  0.000e+00
    19.1648    0.00010      0.032 189.636956  0.000e+00
    19.1630    0.00009      0.032 189.637014  0.000e+00
    19.1563    0.00009      0.034 189.637072  0.000e+00
    19.1596    0.00009      0.032 189.637130  0.000e+00
    19.1224    0.00009      0.034 189.637187  0.000e+00
    19.1022    0.00009      0.034 189.637245  0.000e+00
    19.0815    0.00008      0.034 189.637303  0.000e+00
    19.0648    0.00008      0.035 189.637361  0.000e+00
    19.0198    0.00007      0.035 189.637419  0.000e+00
    19.0149    0.00008      0.035 189.637477  0.000e+00
    19.0085    0.00007      0.035 189.637535  0.000e+00
    19.0349    0.00008      0.035 189.637593  0.000e+00
    19.0438    0.00008      0.037 189.637650  0.000e+00
    19.0529    0.00007      0.037 189.637708  0.000e+00
    19.0721    0.00008      0.037 189.637766  0.000e+00
    19.1188    0.00008      0.037 189.637824  0.000e+00
    19.1587    0.00007      0.037 189.637882  0.000e+00
    19.1661    0.00007      0.039 189.637940  0.000e+00
    19.1338    0.00008      0.037 189.637998  0.000e+00
    19.2188    0.00007      0.039 189.638056  0.000e+00
    19.2791    0.00008      0.030 189.638113  0.000e+00
    19.0681    0.00006      0.028 189.638171  0.000e+00
    18.9834    0.00008      0.023 189.638229  0.000e+00
    18.9803    0.00731      0.028 189.638287  0.000e+00
    18.9645    0.01989      0.023 189.638345  0.000e+00
    18.9410    0.01327      0.026 189.638403  0.000e+00
    18.8047    0.00400      0.026 189.638461  0.000e+00
    18.7317    0.00007      0.026 189.638519  0.000e+00
    18.7858    0.00009      0.025 189.638576  0.000e+00
    18.8539    0.00008      0.025 189.638634  0.000e+00
    18.8978    0.00008      0.025 189.638692  0.000e+00
    18.9267    0.00008      0.025 189.638750  0.000e+00
    18.9271    0.00008      0.023 189.638808  0.000e+00
    18.8843    0.00009      0.021 189.638866  0.000e+00
    18.8607    0.00009      0.025 189.638924  0.000e+00
    18.8898    0.00009      0.021 189.638981  0.000e+00
    18.9398    0.00009      0.023 189.639039  0.000e+00
    18.9816    0.00009      0.023 189.639097  0.000e+00
    19.0208    0.00009      0.023 189.639155  0.000e+00
    19.0883    0.00008      0.023 189.639213  0.000e+00
    19.1145    0.00008      0.021 189.639271  0.000e+00
    19.1761    0.00008      0.019 189.639329  0.000e+00
    19.2768    0.00008      0.019 189.639387  0.000e+00
    19.3839    0.00008      0.023 189.639444  0.000e+00
    19.3586    0.00008      0.005 189.639502  0.000e+00
    19.5941    0.00008      0.019 189.639560  0.000e+00
    19.6712    0.00008      0.014 189.639618  0.000e+00
    19.7749    0.90747      0.091 189.639676  0.000e+00
    19.7844    0.87834      0.102 189.639734  0.000e+00
    19.7868    0.84402      0.086 189.639792  0.000e+00
    19.8012    0.82261      0.136 189.639850  0.000e+00
    20.0149    0.85086      0.408 189.639907  0.000e+00
    20.0343    0.96756      0.636 189.639965  0.000e+00
    19.8757    1.12040      0.879 189.640023  0.000e+00
    19.6372    1.25477      1.057 189.640081  0.000e+00
    19.3091    1.51895      1.291 189.640139  0.000e+00
    18.8505    1.61482      1.453 189.640197  0.000e+00
    19.0585    2.42582      1.616 189.640255  0.000e+00
    19.1682    2.92253      1.805 189.640312  0.000e+00
    19.1024    3.05854      1.969 189.640370  0.000e+00
    19.1917    3.13766      2.152 189.640428  0.000e+00
    19.1045    3.26794      2.391 189.640486  0.000e+00
    19.0069    3.34213      2.586 189.640544  0.000e+00
    18.9482    3.35430      2.807 189.640602  0.000e+00
    18.8250    3.40155      3.069 189.640660  0.000e+00
    18.7329    3.45882      3.310 189.640718  0.000e+00
    18.7335    3.60192      3.535 189.640775  0.000e+00
    18.8701    3.78973      3.837 189.640833  0.000e+00
    18.9240    4.08354      3.987 189.640891  0.000e+00
    18.9472    4.11457      4.102 189.640949  0.000e+00
    18.9422    4.20371      3.985 189.641007  0.000e+00
    18.9108    4.17214      3.819 189.641065  0.000e+00
    18.8044    4.15393      3.490 189.641123  0.000e+00
    18.7232    4.01789      3.251 189.641181  0.000e+00
    18.7404    3.89367      3.154 189.641238  0.000e+00
    18.7608    3.81831      3.145 189.641296  0.000e+00
    18.8453    3.75499      2.965 189.641354  0.000e+00
    18.9012    3.64166      2.679 189.641412  0.000e+00
    18.9932    3.46550      2.217 189.641470  0.000e+00
    19.1057    3.45145      1.908 189.641528  0.000e+00
    19.1039    3.25067      1.674 189.641586  0.000e+00
    18.8272    3.04838      1.318 189.641644  0.000e+00
    19.6655    1.72258      0.865 189.641701  0.000e+00
    19.8890    1.44798      0.393 189.641759  0.000e+00
    19.7946    0.47068      0.041 189.641817  0.000e+00
    19.2878    0.01810      0.037 189.641875  0.000e+00
    19.2710    0.01198      0.039 189.641933  0.000e+00
    19.2657    0.00499      0.039 189.641991  0.000e+00
    19.3051    0.00007      0.041 189.642049  0.000e+00
    19.3357    0.00007      0.041 189.642106  0.000e+00
    19.3517    0.00009      0.041 189.642164  0.000e+00
    19.3651    0.00012      0.041 189.642222  0.000e+00
    19.3897    0.00006      0.039 189.642280  0.000e+00
    19.3961    0.00006      0.039 189.642338  0.000e+00
    19.4067    0.00007      0.039 189.642396  0.000e+00
    19.3849    0.00006      0.039 189.642454  0.000e+00
    19.3592    0.00007      0.035 189.642512  0.000e+00
    19.3466    0.00007      0.037 189.642569  0.000e+00
    19.3470    0.00006      0.039 189.642627  0.000e+00
    19.3123    0.00007      0.039 189.642685  0.000e+00
    19.3248    0.00007      0.037 189.642743  0.000e+00
    19.3543    0.00007      0.034 189.642801  0.000e+00
    19.3858    0.00006      0.032 189.642859  0.000e+00
    19.3796    0.00006      0.041 189.642917  0.000e+00
    19.3949    0.00006      0.037 189.642975  0.000e+00
    19.4045    0.00006      0.037 189.643032  0.000e+00
    19.3913    0.00007      0.037 189.643090  0.000e+00
    19.3896    0.00006      0.037 189.643148  0.000e+00
    19.4113    0.00007      0.037 189.643206  0.000e+00
    19.3926    0.00007      0.035 189.643264  0.000e+00
    19.4225    0.00007      0.037 189.643322  0.000e+00
    19.4470    0.00006      0.035 189.643380  0.000e+00
    19.4500    0.00007      0.035 189.643438  0.000e+00
