data/raw/08-07-17/stations_08_07_2017.asc
* Sea-Bird SBE37 Data File:
* FileName = D:\Prof-Arnaldo\CTD_LAGOA_07_2017\08_07_2017.asc
* Software Version 1.59
* Temperature SN = 2603
* Conductivity SN = 2603
* System UpLoad Time = Jul 08 2017 18:38:25
* ds
* SBE37-SM V 2.2  SERIAL NO. 2603    08 Jul 2017  18:37:02
*END*
[from data line 629]
 20.1294, 0.00012,    0.034, 08 Jul 2017, 15:07:23
 20.0241, 0.00014,    0.032, 08 Jul 2017, 15:07:28
 19.9327, 0.00023,    0.032, 08 Jul 2017, 15:07:33
 19.8955, 0.01363,    0.030, 08 Jul 2017, 15:07:38
 19.8550, 0.01608,    0.028, 08 Jul 2017, 15:07:43
 19.8573, 0.01392,    0.028, 08 Jul 2017, 15:07:48
 19.8339, 0.01259,    0.032, 08 Jul 2017, 15:07:53
 19.6421, 0.01081,    0.021, 08 Jul 2017, 15:07:58
 19.5725, 0.00013,    0.016, 08 Jul 2017, 15:08:03
 19.4454, 2.89598,    0.053, 08 Jul 2017, 15:08:08
 19.3562, 4.33374,    0.143, 08 Jul 2017, 15:08:13
 19.3564, 4.25489,    0.192, 08 Jul 2017, 15:08:18
 19.3589, 4.51670,    0.323, 08 Jul 2017, 15:08:23
 19.3583, 4.51702,    0.327, 08 Jul 2017, 15:08:28
 19.3524, 4.51325,    0.419, 08 Jul 2017, 15:08:33
 19.3579, 4.50499,    0.521, 08 Jul 2017, 15:08:38
 19.3485, 4.50386,    0.611, 08 Jul 2017, 15:08:43
 19.3491, 4.50331,    0.694, 08 Jul 2017, 15:08:48
 19.3461, 4.50210,    0.874, 08 Jul 2017, 15:08:53
 19.3483, 4.50283,    1.048, 08 Jul 2017, 15:08:58
 19.3498, 4.50321,    1.208, 08 Jul 2017, 15:09:03
 19.3440, 4.50414,    1.507, 08 Jul 2017, 15:09:08
 19.3495, 4.50359,    1.717, 08 Jul 2017, 15:09:13
 19.3482, 4.50363,    2.073, 08 Jul 2017, 15:09:18
 19.3504, 4.50413,    2.303, 08 Jul 2017, 15:09:23
 19.3423, 4.50266,    2.382, 08 Jul 2017, 15:09:28
 19.3416, 4.50309,    2.916, 08 Jul 2017, 15:09:33
 19.3440, 4.50230,    3.328, 08 Jul 2017, 15:09:38
 19.3434, 4.50191,    3.661, 08 Jul 2017, 15:09:43
 19.3422, 4.50197,    4.145, 08 Jul 2017, 15:09:48
 19.3444, 4.50134,    4.641, 08 Jul 2017, 15:09:53
 19.3476, 4.50209,    4.900, 08 Jul 2017, 15:09:58
 19.3437, 4.50204,    5.058, 08 Jul 2017, 15:10:03
 19.3421, 4.50191,    5.267, 08 Jul 2017, 15:10:08
 19.3423, 4.50120,    5.267, 08 Jul 2017, 15:10:13
 19.3437, 4.50089,    5.048, 08 Jul 2017, 15:10:18
 19.3434, 4.50058,    4.625, 08 Jul 2017, 15:10:23
 19.3465, 4.50128,    4.201, 08 Jul 2017, 15:10:28
 19.3445, 4.50068,    3.708, 08 Jul 2017, 15:10:33
 19.3441, 4.50083,    3.388, 08 Jul 2017, 15:10:38
 19.3431, 4.50084,    3.012, 08 Jul 2017, 15:10:43
 19.3441, 4.50128,    2.488, 08 Jul 2017, 15:10:48
 19.3493, 4.50199,    1.938, 08 Jul 2017, 15:10:53
 19.3451, 4.50126,    1.521, 08 Jul 2017, 15:10:58
 19.3500, 4.50233,    1.037, 08 Jul 2017, 15:11:03
 19.3523, 4.50260,    0.629, 08 Jul 2017, 15:11:08
 19.3546, 4.50294,    0.347, 08 Jul 2017, 15:11:13
 19.3512, 4.50248,    0.124, 08 Jul 2017, 15:11:18
 19.1291, 0.30101,    0.017, 08 Jul 2017, 15:11:23
 19.0098, 0.03462,    0.035, 08 Jul 2017, 15:11:28
 19.0675, 0.00010,    0.035, 08 Jul 2017, 15:11:33
 19.3691, 0.00010,    0.035, 08 Jul 2017, 15:11:38
 19.5883, 0.00009,    0.037, 08 Jul 2017, 15:11:43
 19.7431, 0.00009,    0.037, 08 Jul 2017, 15:11:48
 19.9026, 0.00009,    0.037, 08 Jul 2017, 15:11:53
 20.0215, 0.00009,    0.037, 08 Jul 2017, 15:11:58
 20.2075, 0.00009,    0.037, 08 Jul 2017, 15:12:03
 20.2749, 0.00009,    0.037, 08 Jul 2017, 15:12:08
 20.2914, 0.00009,    0.037, 08 Jul 2017, 15:12:13
 20.6167, 0.00009,    0.037, 08 Jul 2017, 15:12:18
 20.7945, 0.00009,    0.037, 08 Jul 2017, 15:12:23
 21.0545, 0.00008,    0.035, 08 Jul 2017, 15:12:28
 21.1767, 0.00009,    0.037, 08 Jul 2017, 15:12:33
 21.3380, 0.00011,    0.035, 08 Jul 2017, 15:12:38
 21.4931, 0.00007,    0.032, 08 Jul 2017, 15:12:43
 21.6513, 0.00007,    0.032, 08 Jul 2017, 15:12:48
 21.7922, 0.00009,    0.032, 08 Jul 2017, 15:12:53
 21.8709, 0.00009,    0.026, 08 Jul 2017, 15:12:58
 22.0050, 0.00009,    0.028, 08 Jul 2017, 15:13:03
 22.1091, 0.00009,    0.019, 08 Jul 2017, 15:13:08
 22.1781, 0.00009,    0.025, 08 Jul 2017, 15:13:13
 22.3951, 0.00009,    0.021, 08 Jul 2017, 15:13:18
 22.5184, 0.00009,    0.025, 08 Jul 2017, 15:13:23
 22.6639, 0.00009,    0.028, 08 Jul 2017, 15:13:28
 22.7306, 0.00009,    0.025, 08 Jul 2017, 15:13:33
 22.7531, 0.00008,    0.026, 08 Jul 2017, 15:13:38
 22.7878, 0.00008,    0.025, 08 Jul 2017, 15:13:43
 22.7600, 0.00008,    0.023, 08 Jul 2017, 15:13:48
 22.6991, 0.00009,    0.021, 08 Jul 2017, 15:13:53
 22.3454, 0.00009,    0.012, 08 Jul 2017, 15:13:58
 21.7505, 0.00009,    0.017, 08 Jul 2017, 15:14:03
 21.2648, 0.09984,    0.032, 08 Jul 2017, 15:14:08
 19.8182, 2.09267,    0.147, 08 Jul 2017, 15:14:13
 19.8119, 2.01587,    0.129, 08 Jul 2017, 15:14:18
 19.8273, 2.00089,    0.127, 08 Jul 2017, 15:14:23
 19.8346, 1.97908,    0.222, 08 Jul 2017, 15:14:28
 19.8365, 1.97277,    0.454, 08 Jul 2017, 15:14:33
 19.8651, 2.03750,    0.726, 08 Jul 2017, 15:14:38
 19.8806, 2.12669,    0.863, 08 Jul 2017, 15:14:43
 19.1543, 2.62374,    1.136, 08 Jul 2017, 15:14:48
 19.3586, 2.95908,    1.390, 08 Jul 2017, 15:14:53
 19.2585, 3.23289,    1.602, 08 Jul 2017, 15:14:58
 19.2262, 3.47965,    1.828, 08 Jul 2017, 15:15:03
 19.0962, 3.69420,    2.269, 08 Jul 2017, 15:15:08
 19.1271, 3.80642,    2.604, 08 Jul 2017, 15:15:13
 19.1162, 3.93149,    2.852, 08 Jul 2017, 15:15:18
 19.1262, 3.99674,    3.148, 08 Jul 2017, 15:15:23
 19.1477, 4.04653,    3.508, 08 Jul 2017, 15:15:28
 19.1576, 4.07838,    3.528, 08 Jul 2017, 15:15:33
 19.1617, 4.18211,    3.476, 08 Jul 2017, 15:15:38
 19.1615, 4.22378,    3.535, 08 Jul 2017, 15:15:43
 19.1643, 4.23063,    3.404, 08 Jul 2017, 15:15:48
 19.1480, 4.22685,    3.231, 08 Jul 2017, 15:15:53
 19.1448, 4.16921,    3.202, 08 Jul 2017, 15:15:58
 19.1415, 4.15039,    2.996, 08 Jul 2017, 15:16:03
 19.1248, 4.13865,    2.711, 08 Jul 2017, 15:16:08
 19.1259, 4.11155,    2.679, 08 Jul 2017, 15:16:13
 19.1409, 4.06188,    2.404, 08 Jul 2017, 15:16:18
 19.1384, 4.02209,    2.247, 08 Jul 2017, 15:16:23
 19.1285, 3.91349,    1.938, 08 Jul 2017, 15:16:28
 19.2302, 3.75611,    1.659, 08 Jul 2017, 15:16:33
 19.2647, 3.55473,    1.248, 08 Jul 2017, 15:16:38
 19.3391, 3.47776,    1.064, 08 Jul 2017, 15:16:43
 19.3148, 3.08421,    0.836, 08 Jul 2017, 15:16:48
 19.8492, 2.59044,    0.525, 08 Jul 2017, 15:16:53
 19.8351, 2.09765,    0.303, 08 Jul 2017, 15:16:58
 19.8187, 0.42770,    0.037, 08 Jul 2017, 15:17:03
 19.0488, 0.01952,    0.032, 08 Jul 2017, 15:17:08
 19.1648, 0.00010,    0.032, 08 Jul 2017, 15:17:13
 19.1630, 0.00009,    0.032, 08 Jul 2017, 15:17:18
 19.1563, 0.00009,    0.034, 08 Jul 2017, 15:17:23
 19.1596, 0.00009,    0.032, 08 Jul 2017, 15:17:28
 19.1224, 0.00009,    0.034, 08 Jul 2017, 15:17:33
 19.1022, 0.00009,    0.034, 08 Jul 2017, 15:17:38
 19.0815, 0.00008,    0.034, 08 Jul 2017, 15:17:43
 19.0648, 0.00008,    0.035, 08 Jul 2017, 15:17:48
 19.0198, 0.00007,    0.035, 08 Jul 2017, 15:17:53
 19.0149, 0.00008,    0.035, 08 Jul 2017, 15:17:58
 19.0085, 0.00007,    0.035, 08 Jul 2017, 15:18:03
 19.0349, 0.00008,    0.035, 08 Jul 2017, 15:18:08
 19.0438, 0.00008,    0.037, 08 Jul 2017, 15:18:13
 19.0529, 0.00007,    0.037, 08 Jul 2017, 15:18:18
 19.0721, 0.00008,    0.037, 08 Jul 2017, 15:18:23
 19.1188, 0.00008,    0.037, 08 Jul 2017, 15:18:28
 19.1587, 0.00007,    0.037, 08 Jul 2017, 15:18:33
 19.1661, 0.00007,    0.039, 08 Jul 2017, 15:18:38
 19.1338, 0.00008,    0.037, 08 Jul 2017, 15:18:43
 19.2188, 0.00007,    0.039, 08 Jul 2017, 15:18:48
 19.2791, 0.00008,    0.030, 08 Jul 2017, 15:18:53
 19.0681, 0.00006,    0.028, 08 Jul 2017, 15:18:58
 18.9834, 0.00008,    0.023, 08 Jul 2017, 15:19:03
 18.9803, 0.00731,    0.028, 08 Jul 2017, 15:19:08
 18.9645, 0.01989,    0.023, 08 Jul 2017, 15:19:13
 18.9410, 0.01327,    0.026, 08 Jul 2017, 15:19:18
 18.8047, 0.00400,    0.026, 08 Jul 2017, 15:19:23
 18.7317, 0.00007,    0.026, 08 Jul 2017, 15:19:28
 18.7858, 0.00009,    0.025, 08 Jul 2017, 15:19:33
 18.8539, 0.00008,    0.025, 08 Jul 2017, 15:19:38
 18.8978, 0.00008,    0.025, 08 Jul 2017, 15:19:43
 18.9267, 0.00008,    0.025, 08 Jul 2017, 15:19:48
 18.9271, 0.00008,    0.023, 08 Jul 2017, 15:19:53
 18.8843, 0.00009,    0.021, 08 Jul 2017, 15:19:58
 18.8607, 0.00009,    0.025, 08 Jul 2017, 15:20:03
 18.8898, 0.00009,    0.021, 08 Jul 2017, 15:20:08
 18.9398, 0.00009,    0.023, 08 Jul 2017, 15:20:13
 18.9816, 0.00009,    0.023, 08 Jul 2017, 15:20:18
 19.0208, 0.00009,    0.023, 08 Jul 2017, 15:20:23
 19.0883, 0.00008,    0.023, 08 Jul 2017, 15:20:28
 19.1145, 0.00008,    0.021, 08 Jul 2017, 15:20:33
 19.1761, 0.00008,    0.019, 08 Jul 2017, 15:20:38
 19.2768, 0.00008,    0.019, 08 Jul 2017, 15:20:43
 19.3839, 0.00008,    0.023, 08 Jul 2017, 15:20:48
 19.3586, 0.00008,    0.005, 08 Jul 2017, 15:20:53
 19.5941, 0.00008,    0.019, 08 Jul 2017, 15:20:58
 19.6712, 0.00008,    0.014, 08 Jul 2017, 15:21:03
 19.7749, 0.90747,    0.091, 08 Jul 2017, 15:21:08
 19.7844, 0.87834,    0.102, 08 Jul 2017, 15:21:13
 19.7868, 0.84402,    0.086, 08 Jul 2017, 15:21:18
 19.8012, 0.82261,    0.136, 08 Jul 2017, 15:21:23
 20.0149, 0.85086,    0.408, 08 Jul 2017, 15:21:28
 20.0343, 0.96756,    0.636, 08 Jul 2017, 15:21:33
 19.8757, 1.12040,    0.879, 08 Jul 2017, 15:21:38
 19.6372, 1.25477,    1.057, 08 Jul 2017, 15:21:43
 19.3091, 1.51895,    1.291, 08 Jul 2017, 15:21:48
 18.8505, 1.61482,    1.453, 08 Jul 2017, 15:21:53
 19.0585, 2.42582,    1.616, 08 Jul 2017, 15:21:58
 19.1682, 2.92253,    1.805, 08 Jul 2017, 15:22:03
 19.1024, 3.05854,    1.969, 08 Jul 2017, 15:22:08
 19.1917, 3.13766,    2.152, 08 Jul 2017, 15:22:13
 19.1045, 3.26794,    2.391, 08 Jul 2017, 15:22:18
 19.0069, 3.34213,    2.586, 08 Jul 2017, 15:22:23
 18.9482, 3.35430,    2.807, 08 Jul 2017, 15:22:28
 18.8250, 3.40155,    3.069, 08 Jul 2017, 15:22:33
 18.7329, 3.45882,    3.310, 08 Jul 2017, 15:22:38
 18.7335, 3.60192,    3.535, 08 Jul 2017, 15:22:43
 18.8701, 3.78973,    3.837, 08 Jul 2017, 15:22:48
 18.9240, 4.08354,    3.987, 08 Jul 2017, 15:22:53
 18.9472, 4.11457,    4.102, 08 Jul 2017, 15:22:58
 18.9422, 4.20371,    3.985, 08 Jul 2017, 15:23:03
 18.9108, 4.17214,    3.819, 08 Jul 2017, 15:23:08
 18.8044, 4.15393,    3.490, 08 Jul 2017, 15:23:13
 18.7232, 4.01789,    3.251, 08 Jul 2017, 15:23:18
 18.7404, 3.89367,    3.154, 08 Jul 2017, 15:23:23
 18.7608, 3.81831,    3.145, 08 Jul 2017, 15:23:28
 18.8453, 3.75499,    2.965, 08 Jul 2017, 15:23:33
 18.9012, 3.64166,    2.679, 08 Jul 2017, 15:23:38
 18.9932, 3.46550,    2.217, 08 Jul 2017, 15:23:43
 19.1057, 3.45145,    1.908, 08 Jul 2017, 15:23:48
 19.1039, 3.25067,    1.674, 08 Jul 2017, 15:23:53
 18.8272, 3.04838,    1.318, 08 Jul 2017, 15:23:58
 19.6655, 1.72258,    0.865, 08 Jul 2017, 15:24:03
 19.8890, 1.44798,    0.393, 08 Jul 2017, 15:24:08
 19.7946, 0.47068,    0.041, 08 Jul 2017, 15:24:13
 19.2878, 0.01810,    0.037, 08 Jul 2017, 15:24:18
 19.2710, 0.01198,    0.039, 08 Jul 2017, 15:24:23
 19.2657, 0.00499,    0.039, 08 Jul 2017, 15:24:28
 19.3051, 0.00007,    0.041, 08 Jul 2017, 15:24:33
 19.3357, 0.00007,    0.041, 08 Jul 2017, 15:24:38
 19.3517, 0.00009,    0.041, 08 Jul 2017, 15:24:43
 19.3651, 0.00012,    0.041, 08 Jul 2017, 15:24:48
 19.3897, 0.00006,    0.039, 08 Jul 2017, 15:24:53
 19.3961, 0.00006,    0.039, 08 Jul 2017, 15:24:58
 19.4067, 0.00007,    0.039, 08 Jul 2017, 15:25:03
 19.3849, 0.00006,    0.039, 08 Jul 2017, 15:25:08
 19.3592, 0.00007,    0.035, 08 Jul 2017, 15:25:13
 19.3466, 0.00007,    0.037, 08 Jul 2017, 15:25:18
 19.3470, 0.00006,    0.039, 08 Jul 2017, 15:25:23
 19.3123, 0.00007,    0.039, 08 Jul 2017, 15:25:28
 19.3248, 0.00007,    0.037, 08 Jul 2017, 15:25:33
 19.3543, 0.00007,    0.034, 08 Jul 2017, 15:25:38
 19.3858, 0.00006,    0.032, 08 Jul 2017, 15:25:43
 19.3796, 0.00006,    0.041, 08 Jul 2017, 15:25:48
 19.3949, 0.00006,    0.037, 08 Jul 2017, 15:25:53
 19.4045, 0.00006,    0.037, 08 Jul 2017, 15:25:58
 19.3913, 0.00007,    0.037, 08 Jul 2017, 15:26:03
 19.3896, 0.00006,    0.037, 08 Jul 2017, 15:26:08
 19.4113, 0.00007,    0.037, 08 Jul 2017, 15:26:13
 19.3926, 0.00007,    0.035, 08 Jul 2017, 15:26:18
 19.4225, 0.00007,    0.037, 08 Jul 2017, 15:26:23
 19.4470, 0.00006,    0.035, 08 Jul 2017, 15:26:28
 19.4500, 0.00007,    0.035, 08 Jul 2017, 15:26:33
 19.4549, 0.00007,    0.035, 08 Jul 2017, 15:26:38
 19.4773, 0.00006,    0.032, 08 Jul 2017, 15:26:43
 19.5274, 0.00006,    0.032, 08 Jul 2017, 15:26:48
 19.5020, 0.00007,    0.035, 08 Jul 2017, 15:26:53
 19.4145, 0.00007,    0.030, 08 Jul 2017, 15:26:58
 20.0762, 0.75015,    0.080, 08 Jul 2017, 15:27:03
 20.0772, 0.73366,    0.124, 08 Jul 2017, 15:27:08
 20.0764, 0.72827,    0.188, 08 Jul 2017, 15:27:13
 20.0703, 0.73179,    0.248, 08 Jul 2017, 15:27:18
 20.0417, 0.73319,    0.525, 08 Jul 2017, 15:27:23
 19.9887, 0.73265,    0.749, 08 Jul 2017, 15:27:28
 19.9685, 0.74314,    1.010, 08 Jul 2017, 15:27:33
 19.8541, 0.75261,    1.210, 08 Jul 2017, 15:27:38
 19.8434, 0.78046,    1.354, 08 Jul 2017, 15:27:43
 19.7106, 0.86139,    1.580, 08 Jul 2017, 15:27:48
 18.8193, 1.19609,    1.830, 08 Jul 2017, 15:27:53
 18.8363, 2.51792,    1.969, 08 Jul 2017, 15:27:58
 18.8970, 2.77263,    2.149, 08 Jul 2017, 15:28:03
 18.9158, 2.68884,    2.237, 08 Jul 2017, 15:28:08
 18.9886, 2.72423,    2.325, 08 Jul 2017, 15:28:13
 19.1587, 3.00297,    2.490, 08 Jul 2017, 15:28:18
 19.0845, 3.00388,    2.792, 08 Jul 2017, 15:28:23
 18.8013, 3.04334,    3.204, 08 Jul 2017, 15:28:28
 18.6584, 3.23608,    3.407, 08 Jul 2017, 15:28:33
 18.7036, 3.37239,    3.564, 08 Jul 2017, 15:28:38
 18.8139, 3.39685,    3.794, 08 Jul 2017, 15:28:43
 18.9386, 3.70789,    3.821, 08 Jul 2017, 15:28:48
 18.9306, 3.73092,    3.787, 08 Jul 2017, 15:28:53
 18.9345, 3.78690,    3.693, 08 Jul 2017, 15:28:58
 18.8367, 3.88266,    3.693, 08 Jul 2017, 15:29:03
 18.7707, 3.84710,    3.452, 08 Jul 2017, 15:29:08
 18.6696, 3.51757,    3.193, 08 Jul 2017, 15:29:13
 18.7333, 3.43662,    2.956, 08 Jul 2017, 15:29:18
 18.8994, 3.38197,    2.796, 08 Jul 2017, 15:29:23
 19.0503, 3.34844,    2.625, 08 Jul 2017, 15:29:28
 19.1689, 3.23011,    2.427, 08 Jul 2017, 15:29:33
 18.8374, 3.00880,    2.143, 08 Jul 2017, 15:29:38
 18.8470, 2.75553,    1.954, 08 Jul 2017, 15:29:43
 18.8019, 2.38677,    1.690, 08 Jul 2017, 15:29:48
 19.6115, 2.34500,    1.537, 08 Jul 2017, 15:29:53
 19.7150, 2.18948,    1.266, 08 Jul 2017, 15:29:58
 19.8423, 1.83112,    1.034, 08 Jul 2017, 15:30:03
 19.9670, 0.78411,    0.803, 08 Jul 2017, 15:30:08
 20.0006, 0.75307,    0.627, 08 Jul 2017, 15:30:13
 20.0676, 0.73500,    0.384, 08 Jul 2017, 15:30:18
 20.1024, 0.72686,    0.138, 08 Jul 2017, 15:30:23
 19.9924, 0.06326,    0.034, 08 Jul 2017, 15:30:28
 19.3995, 0.00418,    0.034, 08 Jul 2017, 15:30:33
 19.4565, 0.00318,    0.035, 08 Jul 2017, 15:30:38
 19.6304, 0.00256,    0.034, 08 Jul 2017, 15:30:43
 19.7607, 0.00010,    0.034, 08 Jul 2017, 15:30:48
 19.7488, 0.00009,    0.035, 08 Jul 2017, 15:30:53
 19.6808, 0.00008,    0.034, 08 Jul 2017, 15:30:58
 19.5676, 0.00008,    0.034, 08 Jul 2017, 15:31:03
 19.2724, 0.00440,    0.035, 08 Jul 2017, 15:31:08
 19.2299, 0.00005,    0.039, 08 Jul 2017, 15:31:13
 19.1813, 0.00004,    0.041, 08 Jul 2017, 15:31:18
 19.1990, 0.00007,    0.023, 08 Jul 2017, 15:31:23
 19.2458, 0.00005,    0.032, 08 Jul 2017, 15:31:28
 19.2754, 0.00924,    0.046, 08 Jul 2017, 15:31:33
 19.3154, 0.00004,    0.046, 08 Jul 2017, 15:31:38
 19.3637, 0.00006,    0.048, 08 Jul 2017, 15:31:43
 19.4117, 0.00006,    0.044, 08 Jul 2017, 15:31:48
 19.4416, 0.00006,    0.044, 08 Jul 2017, 15:31:53
 19.4655, 0.00005,    0.046, 08 Jul 2017, 15:31:58
 19.4867, 0.00005,    0.046, 08 Jul 2017, 15:32:03
 19.5298, 0.00005,    0.043, 08 Jul 2017, 15:32:08
 19.6118, 0.00005,    0.044, 08 Jul 2017, 15:32:13
 19.6852, 0.00005,    0.039, 08 Jul 2017, 15:32:18
 19.7457, 0.00006,    0.044, 08 Jul 2017, 15:32:23
 19.7803, 0.00006,    0.044, 08 Jul 2017, 15:32:28
 19.7922, 0.00005,    0.041, 08 Jul 2017, 15:32:33
 19.8552, 0.00005,    0.039, 08 Jul 2017, 15:32:38
 19.9195, 0.00004,    0.053, 08 Jul 2017, 15:32:43
 19.9878, 0.00005,    0.044, 08 Jul 2017, 15:32:48
 20.0576, 0.00006,    0.035, 08 Jul 2017, 15:32:53
 20.0812, 0.00005,    0.032, 08 Jul 2017, 15:32:58
 20.1026, 0.00005,    0.035, 08 Jul 2017, 15:33:03
 20.0827, 0.00005,    0.037, 08 Jul 2017, 15:33:08
 20.1008, 0.00005,    0.044, 08 Jul 2017, 15:33:13
 20.0979, 0.00004,    0.041, 08 Jul 2017, 15:33:18
 20.0989, 0.00005,    0.041, 08 Jul 2017, 15:33:23
