data/raw/08-07-17/stations_08_07_2017_processed.cnv
* Sea-Bird SBE37 Data File:
* FileName = D:\Prof-Arnaldo\CTD_LAGOA_07_2017\08_07_2017.asc
* Software Version 1.59
* Temperature SN = 2603
* Conductivity SN = 2603
* System UpLoad Time = Jul 08 2017 18:38:25
* ds
* SBE37-SM V 2.2  SERIAL NO. 2603    08 Jul 2017  18:37:02
# nquan = 9                                 
# nvalues = 3138                        
# units = metric
# name 0 = t090: temperature, ITS-90 [deg C]
# name 1 = c0S/m: conductivity [S/m]
# name 2 = pr: pressure [db]
# name 3 = timeJ: time [julian days]
# name 4 = potemp090C: Potential Temperature [ITS-90, deg C]
# name 5 = sal00: Salinity, Practical [PSU]
# name 6 = depSM: Depth [salt water, m], lat = 28.48
# name 7 = sigma-t00: Density [sigma-t, kg/m^3 ]
# name 8 = flag: flag
# span 0 =    18.0497,    25.4045       
# span 1 =   0.000040,   4.543690       
# span 2 =      0.001,      7.173       
# span 3 = 189.593889, 189.775440       
# span 4 =    18.0497,    25.4045       
# span 5 =     0.0094,    33.4688       
# span 6 =      0.001,      7.125       
# span 7 =    -3.0490,    23.7551       
# span 8 = 0.0000e+00, 0.0000e+00       
# interval = seconds: 5
# start_time = Jul 08 2017 14:15:12
# bad_flag = -9.990e-29
*END*
[from data line 961]
    20.2356   0.000060      0.048 189.649514    20.2356     0.0100      0.048    -1.8359 0.0000e+00
    20.2375   0.000060      0.032 189.649572    20.2375     0.0100      0.032    -1.8363 0.0000e+00
    20.2323   0.000060      0.028 189.649630    20.2323     0.0100      0.028    -1.8352 0.0000e+00
    20.2301   0.000060      0.039 189.649688    20.2301     0.0100      0.039    -1.8347 0.0000e+00
    20.2282   0.000060      0.026 189.649745    20.2282     0.0100      0.026    -1.8343 0.0000e+00
    20.2264   0.000060      0.034 189.649803    20.2264     0.0100      0.034    -1.8340 0.0000e+00
    20.1371   0.000050      0.035 189.649861    20.1371     0.0100      0.035    -1.8154 0.0000e+00
    20.0809   0.000050      0.043 189.649919    20.0809     0.0100      0.043    -1.8037 0.0000e+00
    20.0735   0.000060      0.021 189.649977    20.0735     0.0100      0.021    -1.8022 0.0000e+00
    20.0967   0.000060      0.028 189.650035    20.0967     0.0100      0.028    -1.8070 0.0000e+00
    20.1169   0.000060      0.025 189.650093    20.1169     0.0100      0.025    -1.8112 0.0000e+00
    20.1277   0.000050      0.026 189.650150    20.1277     0.0100      0.026    -1.8134 0.0000e+00
    20.0833   0.000060      0.028 189.650208    20.0833     0.0100      0.028    -1.8042 0.0000e+00
    20.0315   0.000060      0.046 189.650266    20.0315     0.0100      0.046    -1.7935 0.0000e+00
    19.9754   0.000050      0.026 189.650324    19.9754     0.0099      0.026    -1.7820 0.0000e+00
    19.9608   0.000060      0.028 189.650382    19.9608     0.0099      0.028    -1.7790 0.0000e+00
    19.9930   0.000060      0.035 189.650440    19.9930     0.0099      0.035    -1.7856 0.0000e+00
    20.0228   0.000060      0.032 189.650498    20.0228     0.0100      0.032    -1.7917 0.0000e+00
    20.0059   0.000060      0.034 189.650556    20.0059     0.0099      0.034    -1.7883 0.0000e+00
    19.9830   0.000050      0.030 189.650613    19.9830     0.0099      0.030    -1.7835 0.0000e+00
    19.9561   0.000060      0.050 189.650671    19.9561     0.0099      0.050    -1.7780 0.0000e+00
    19.9430   0.000050      0.050 189.650729    19.9430     0.0099      0.050    -1.7753 0.0000e+00
    19.9432   0.000050      0.023 189.650787    19.9432     0.0099      0.023    -1.7754 0.0000e+00
    19.9542   0.000060      0.053 189.650845    19.9542     0.0099      0.053    -1.7776 0.0000e+00
    19.9690   0.000050      0.030 189.650903    19.9690     0.0099      0.030    -1.7807 0.0000e+00
    19.9911   0.000060      0.025 189.650961    19.9911     0.0099      0.025    -1.7852 0.0000e+00
    20.0130   0.000060      0.021 189.651019    20.0130     0.0099      0.021    -1.7897 0.0000e+00
    20.0247   0.000060      0.016 189.651076    20.0247     0.0100      0.016    -1.7921 0.0000e+00
    20.0611   0.000060      0.025 189.651134    20.0611     0.0100      0.025    -1.7997 0.0000e+00
    20.1195   0.000060      0.019 189.651192    20.1195     0.0100      0.019    -1.8117 0.0000e+00
    20.1472   0.000060      0.028 189.651250    20.1472     0.0100      0.028    -1.8175 0.0000e+00
    20.1978   0.000060      0.026 189.651308    20.1978     0.0100      0.026    -1.8280 0.0000e+00
    20.2213   0.000060      0.026 189.651366    20.2213     0.0100      0.026    -1.8329 0.0000e+00
    20.2375   0.000060      0.025 189.651424    20.2375     0.0100      0.025    -1.8363 0.0000e+00
    20.3017   0.000060      0.028 189.651481    20.3017     0.0101      0.028    -1.8497 0.0000e+00
    20.2943   0.000060      0.023 189.651539    20.2943     0.0101      0.023    -1.8481 0.0000e+00
    20.3314   0.000060      0.021 189.651597    20.3314     0.0101      0.021    -1.8559 0.0000e+00
    20.3593   0.000060      0.025 189.651655    20.3593     0.0101      0.025    -1.8618 0.0000e+00
    20.4006   0.000060      0.023 189.651713    20.4006     0.0101      0.023    -1.8704 0.0000e+00
    20.4371   0.000060      0.030 189.651771    20.4371     0.0101      0.030    -1.8781 0.0000e+00
    20.4942   0.000060      0.026 189.651829    20.4942     0.0101      0.026    -1.8902 0.0000e+00
    20.5280   0.000060      0.025 189.651887    20.5280     0.0102      0.025    -1.8973 0.0000e+00
    20.5699   0.000060      0.026 189.651944    20.5699     0.0102      0.026    -1.9062 0.0000e+00
    20.5834   0.000060      0.023 189.652002    20.5834     0.0102      0.023    -1.9091 0.0000e+00
    20.5848   0.000060      0.025 189.652060    20.5848     0.0102      0.025    -1.9094 0.0000e+00
    20.6218   0.000050      0.028 189.652118    20.6218     0.0102      0.028    -1.9172 0.0000e+00
    20.6628   0.000060      0.026 189.652176    20.6628     0.0102      0.026    -1.9259 0.0000e+00
    20.6527   0.000060      0.026 189.652234    20.6527     0.0102      0.026    -1.9238 0.0000e+00
    20.6723   0.000060      0.026 189.652292    20.6723     0.0102      0.026    -1.9280 0.0000e+00
    20.7055   0.000060      0.026 189.652350    20.7055     0.0102      0.026    -1.9350 0.0000e+00
    20.7145   0.000060      0.025 189.652407    20.7145     0.0102      0.025    -1.9370 0.0000e+00
    20.6929   0.000060      0.025 189.652465    20.6929     0.0102      0.025    -1.9324 0.0000e+00
    20.6867   0.000060      0.025 189.652523    20.6867     0.0102      0.025    -1.9310 0.0000e+00
    20.6979   0.000060      0.023 189.652581    20.6979     0.0102      0.023    -1.9334 0.0000e+00
    20.6959   0.000060      0.025 189.652639    20.6959     0.0102      0.025    -1.9330 0.0000e+00
    20.6508   0.000060      0.026 189.652697    20.6508     0.0102      0.026    -1.9234 0.0000e+00
    20.6575   0.000060      0.025 189.652755    20.6575     0.0102      0.025    -1.9248 0.0000e+00
    20.6694   0.000060      0.025 189.652812    20.6694     0.0102      0.025    -1.9273 0.0000e+00
    20.6625   0.000060      0.021 189.652870    20.6625     0.0102      0.021    -1.9259 0.0000e+00
    20.6712   0.000060      0.034 189.652928    20.6712     0.0102      0.034    -1.9277 0.0000e+00
    20.6042   0.000060      0.019 189.652986    20.6042     0.0102      0.019    -1.9135 0.0000e+00
    20.6160   0.000060      0.017 189.653044    20.6160     0.0102      0.017    -1.9160 0.0000e+00
    20.6260   0.000060      0.017 189.653102    20.6260     0.0102      0.017    -1.9181 0.0000e+00
    20.5892   0.000060      0.019 189.653160    20.5892     0.0102      0.019    -1.9103 0.0000e+00
    20.5670   0.000060      0.012 189.653218    20.5670     0.0102      0.012    -1.9056 0.0000e+00
    20.6097   0.000060      0.017 189.653275    20.6097     0.0102      0.017    -1.9146 0.0000e+00
    20.6728   0.000060      0.021 189.653333    20.6728     0.0102      0.021    -1.9281 0.0000e+00
    20.7200   0.000060      0.017 189.653391    20.7200     0.0102      0.017    -1.9381 0.0000e+00
    20.7455   0.000060      0.026 189.653449    20.7455     0.0102      0.026    -1.9436 0.0000e+00
    20.7516   0.000060      0.021 189.653507    20.7516     0.0102      0.021    -1.9449 0.0000e+00
    20.7849   0.000060      0.025 189.653565    20.7849     0.0103      0.025    -1.9520 0.0000e+00
    20.8199   0.000060      0.021 189.653623    20.8199     0.0103      0.021    -1.9595 0.0000e+00
    20.8196   0.000060      0.017 189.653681    20.8196     0.0103      0.017    -1.9595 0.0000e+00
    20.8297   0.000060      0.023 189.653738    20.8297     0.0103      0.023    -1.9616 0.0000e+00
    20.8073   0.000060      0.017 189.653796    20.8073     0.0103      0.017    -1.9568 0.0000e+00
    20.7883   0.000060      0.019 189.653854    20.7883     0.0103      0.019    -1.9528 0.0000e+00
    20.7858   0.000060      0.017 189.653912    20.7858     0.0103      0.017    -1.9522 0.0000e+00
    20.7960   0.000060      0.019 189.653970    20.7960     0.0103      0.019    -1.9544 0.0000e+00
    20.8061   0.000060      0.019 189.654028    20.8061     0.0103      0.019    -1.9566 0.0000e+00
    20.8279   0.000070      0.016 189.654086    20.8279     0.0103      0.016    -1.9612 0.0000e+00
    20.8215   0.000060      0.023 189.654144    20.8215     0.0103      0.023    -1.9599 0.0000e+00
    20.7879   0.000060      0.023 189.654201    20.7879     0.0103      0.023    -1.9527 0.0000e+00
    20.7613   0.000060      0.023 189.654259    20.7613     0.0103      0.023    -1.9470 0.0000e+00
    20.7602   0.000060      0.023 189.654317    20.7602     0.0103      0.023    -1.9467 0.0000e+00
    20.7501   0.000060      0.017 189.654375    20.7501     0.0102      0.017    -1.9446 0.0000e+00
    20.7696   0.000060      0.023 189.654433    20.7696     0.0103      0.023    -1.9487 0.0000e+00
    20.7238   0.000060      0.023 189.654491    20.7238     0.0102      0.023    -1.9389 0.0000e+00
    20.7097   0.000060      0.023 189.654549    20.7097     0.0102      0.023    -1.9359 0.0000e+00
    20.7447   0.000070      0.023 189.654606    20.7447     0.0102      0.023    -1.9434 0.0000e+00
    20.7586   0.000060      0.025 189.654664    20.7586     0.0103      0.025    -1.9464 0.0000e+00
    20.7101   0.000060      0.025 189.654722    20.7101     0.0102      0.025    -1.9360 0.0000e+00
    20.6827   0.000060      0.028 189.654780    20.6827     0.0102      0.028    -1.9302 0.0000e+00
    20.7074   0.000060      0.012 189.654838    20.7074     0.0102      0.012    -1.9354 0.0000e+00
    20.7076   0.000060      0.025 189.654896    20.7076     0.0102      0.025    -1.9355 0.0000e+00
    19.4879   4.422340      0.073 189.654954    19.4879    32.3851      0.073    22.9003 0.0000e+00
    19.4381   4.470090      0.183 189.655012    19.4381    32.8154      0.182    23.2412 0.0000e+00
    19.4336   4.495790      0.194 189.655069    19.4336    33.0301      0.193    23.4061 0.0000e+00
    19.4319   4.508310      0.257 189.655127    19.4319    33.1344      0.255    23.4861 0.0000e+00
    19.4325   4.513260      0.339 189.655185    19.4324    33.1746      0.337    23.5166 0.0000e+00
    19.4284   4.500230      0.325 189.655243    19.4283    33.0707      0.323    23.4384 0.0000e+00
    19.4296   4.483480      0.469 189.655301    19.4295    32.9320      0.466    23.3323 0.0000e+00
    19.4285   4.490120      0.719 189.655359    19.4284    32.9874      0.714    23.3748 0.0000e+00
    19.4292   4.490280      0.721 189.655417    19.4291    32.9881      0.716    23.3752 0.0000e+00
    19.4289   4.490060      0.573 189.655475    19.4288    32.9866      0.569    23.3741 0.0000e+00
    19.4287   4.489250      0.552 189.655532    19.4286    32.9801      0.548    23.3692 0.0000e+00
    19.4284   4.489200      0.454 189.655590    19.4283    32.9800      0.451    23.3692 0.0000e+00
    19.4288   4.491490      0.417 189.655648    19.4287    32.9985      0.414    23.3832 0.0000e+00
    19.4266   4.487860      0.356 189.655706    19.4265    32.9704      0.354    23.3624 0.0000e+00
    19.4259   4.491130      0.341 189.655764    19.4258    32.9978      0.339    23.3835 0.0000e+00
    19.4258   4.491790      0.352 189.655822    19.4257    33.0033      0.350    23.3877 0.0000e+00
    19.4262   4.493460      0.508 189.655880    19.4261    33.0167      0.505    23.3978 0.0000e+00
    19.4255   4.492980      0.661 189.655937    19.4254    33.0133      0.657    23.3953 0.0000e+00
    19.4256   4.492640      0.713 189.655995    19.4255    33.0104      0.708    23.3931 0.0000e+00
    19.4254   4.492620      0.633 189.656053    19.4253    33.0104      0.629    23.3932 0.0000e+00
    19.4271   4.492280      0.429 189.656111    19.4270    33.0063      0.426    23.3896 0.0000e+00
    19.4271   4.489620      0.197 189.656169    19.4271    32.9845      0.196    23.3730 0.0000e+00
    19.4269   4.492110      0.143 189.656227    19.4269    33.0052      0.142    23.3888 0.0000e+00
    19.4261   4.492550      0.142 189.656285    19.4261    33.0094      0.141    23.3923 0.0000e+00
    19.4261   3.189600      0.039 189.656343    19.4261    22.5652      0.039    15.4441 0.0000e+00
    19.2764   0.045090      0.034 189.656400    19.2764     0.2460      0.034    -1.4594 0.0000e+00
    19.1678   0.000150      0.021 189.656458    19.1678     0.0097      0.021    -1.6191 0.0000e+00
    19.1805   0.000180      0.021 189.656516    19.1805     0.0098      0.021    -1.6216 0.0000e+00
    19.1597   0.000140      0.023 189.656574    19.1597     0.0097      0.023    -1.6175 0.0000e+00
    19.0602   0.000140      0.021 189.656632    19.0602     0.0096      0.021    -1.5980 0.0000e+00
    19.0856   0.000150      0.021 189.656690    19.0856     0.0097      0.021    -1.6030 0.0000e+00
    19.1115   0.000110      0.021 189.656748    19.1115     0.0096      0.021    -1.6081 0.0000e+00
    19.1750   0.000100      0.023 189.656806    19.1750     0.0096      0.023    -1.6206 0.0000e+00
    19.1513   0.000100      0.023 189.656863    19.1513     0.0096      0.023    -1.6159 0.0000e+00
    19.1542   0.000100      0.023 189.656921    19.1542     0.0096      0.023    -1.6165 0.0000e+00
    19.1552   0.000100      0.023 189.656979    19.1552     0.0096      0.023    -1.6167 0.0000e+00
    19.2473   0.000100      0.023 189.657037    19.2473     0.0096      0.023    -1.6349 0.0000e+00
    19.3629   0.000100      0.023 189.657095    19.3629     0.0097      0.023    -1.6579 0.0000e+00
    19.5100   0.000100      0.023 189.657153    19.5100     0.0098      0.023    -1.6873 0.0000e+00
    19.6406   0.000090      0.023 189.657211    19.6406     0.0098      0.023    -1.7137 0.0000e+00
    19.7038   0.000100      0.023 189.657269    19.7038     0.0098      0.023    -1.7265 0.0000e+00
    19.8350   0.000100      0.021 189.657326    19.8350     0.0099      0.021    -1.7532 0.0000e+00
    20.0169   0.000100      0.021 189.657384    20.0169     0.0100      0.021    -1.7905 0.0000e+00
    20.1654   0.000090      0.021 189.657442    20.1654     0.0100      0.021    -1.8213 0.0000e+00
    20.2844   0.000090      0.021 189.657500    20.2844     0.0101      0.021    -1.8461 0.0000e+00
    20.4696   0.000090      0.019 189.657558    20.4696     0.0101      0.019    -1.8850 0.0000e+00
    20.3969   0.000090      0.019 189.657616    20.3969     0.0101      0.019    -1.8697 0.0000e+00
    20.4871   0.000090      0.019 189.657674    20.4871     0.0101      0.019    -1.8887 0.0000e+00
    20.4917   0.000090      0.019 189.657731    20.4917     0.0101      0.019    -1.8896 0.0000e+00
    20.5831   0.000090      0.019 189.657789    20.5831     0.0102      0.019    -1.9090 0.0000e+00
    20.6414   0.000090      0.019 189.657847    20.6414     0.0102      0.019    -1.9214 0.0000e+00
    20.5505   0.000090      0.019 189.657905    20.5505     0.0102      0.019    -1.9021 0.0000e+00
    20.4677   0.000090      0.017 189.657963    20.4677     0.0101      0.017    -1.8846 0.0000e+00
    20.6585   0.000090      0.017 189.658021    20.6585     0.0102      0.017    -1.9250 0.0000e+00
    20.7404   0.000090      0.016 189.658079    20.7404     0.0102      0.016    -1.9425 0.0000e+00
    20.7493   0.000080      0.016 189.658137    20.7493     0.0102      0.016    -1.9444 0.0000e+00
    20.8166   0.000110      0.016 189.658194    20.8166     0.0103      0.016    -1.9588 0.0000e+00
    20.8730   0.000090      0.016 189.658252    20.8730     0.0103      0.016    -1.9709 0.0000e+00
    20.8057   0.000090      0.016 189.658310    20.8057     0.0103      0.016    -1.9565 0.0000e+00
    20.5378   0.000090      0.014 189.658368    20.5378     0.0102      0.014    -1.8994 0.0000e+00
    20.3060   0.000090      0.017 189.658426    20.3060     0.0101      0.017    -1.8506 0.0000e+00
    20.1956   0.000090      0.016 189.658484    20.1956     0.0100      0.016    -1.8276 0.0000e+00
    20.4210   0.000090      0.017 189.658542    20.4210     0.0101      0.017    -1.8747 0.0000e+00
    20.7241   0.000090      0.017 189.658600    20.7241     0.0102      0.017    -1.9390 0.0000e+00
    20.9638   0.000090      0.016 189.658657    20.9638     0.0103      0.016    -1.9905 0.0000e+00
