data/raw/08-07-17/stations_08_07_2017_processed.cnv
* Sea-Bird SBE37 Data File:
* FileName = D:\Prof-Arnaldo\CTD_LAGOA_07_2017\08_07_2017.asc
* Software Version 1.59
* Temperature SN = 2603
* Conductivity SN = 2603
* System UpLoad Time = Jul 08 2017 18:38:25
* ds
* SBE37-SM V 2.2  SERIAL NO. 2603    08 Jul 2017  18:37:02
# nquan = 9                                 
# nvalues = 3138                        
# units = metric
# name 0 = t090: temperature, ITS-90 [deg C]
# name 1 = c0S/m: conductivity [S/m]
# name 2 = pr: pressure [db]
# name 3 = timeJ: time [julian days]
# name 4 = potemp090C: Potential Temperature [ITS-90, deg C]
# name 5 = sal00: Salinity, Practical [PSU]
# name 6 = depSM: Depth [salt water, m], lat = 28.48
# name 7 = sigma-t00: Density [sigma-t, kg/m^3 ]
# name 8 = flag: flag
# span 0 =    18.0497,    25.4045       
# span 1 =   0.000040,   4.543690       
# span 2 =      0.001,      7.173       
# span 3 = 189.593889, 189.775440       
# span 4 =    18.0497,    25.4045       
# span 5 =     0.0094,    33.4688       
# span 6 =      0.001,      7.125       
# span 7 =    -3.0490,    23.7551       
# span 8 = 0.0000e+00, 0.0000e+00       
# interval = seconds: 5
# start_time = Jul 08 2017 14:15:12
# bad_flag = -9.990e-29
*END*
[from data line 1281]
    20.7838   0.000100      0.028 189.668032    20.7838     0.0103      0.028    -1.9518 0.0000e+00
    20.8015   0.000100      0.028 189.668090    20.8015     0.0103      0.028    -1.9556 0.0000e+00
    20.8276   0.000100      0.028 189.668148    20.8276     0.0103      0.028    -1.9612 0.0000e+00
    20.8135   0.000100      0.032 189.668206    20.8135     0.0103      0.032    -1.9582 0.0000e+00
    20.8368   0.000100      0.023 189.668264    20.8368     0.0103      0.023    -1.9632 0.0000e+00
    20.8792   0.000100      0.025 189.668322    20.8792     0.0103      0.025    -1.9723 0.0000e+00
    20.8790   0.177890      0.030 189.668380    20.8790     0.9849      0.030    -1.2295 0.0000e+00
    19.9220   3.676320      0.152 189.668437    19.9220    26.0939      0.151    18.0029 0.0000e+00
    19.9269   3.677480      0.226 189.668495    19.9269    26.1000      0.224    18.0063 0.0000e+00
    19.9330   3.678890      0.375 189.668553    19.9329    26.1072      0.372    18.0103 0.0000e+00
    19.9364   3.680080      0.580 189.668611    19.9363    26.1145      0.576    18.0149 0.0000e+00
    19.9957   3.687670      0.713 189.668669    19.9956    26.1374      0.708    18.0176 0.0000e+00
    20.2428   3.768630      0.888 189.668727    20.2426    26.6188      0.882    18.3210 0.0000e+00
    20.4863   3.901380      1.084 189.668785    20.4861    27.5038      1.077    18.9310 0.0000e+00
    20.6584   4.111770      1.167 189.668843    20.6582    29.0409      1.159    20.0537 0.0000e+00
    20.7120   4.155920      1.170 189.668900    20.7118    29.3515      1.162    20.2756 0.0000e+00
    20.6976   4.164870      1.035 189.668958    20.6974    29.4319      1.028    20.3405 0.0000e+00
    20.3984   4.167630      0.938 189.669016    20.3982    29.6617      0.932    20.5928 0.0000e+00
    20.3737   4.121440      0.854 189.669074    20.3735    29.3128      0.848    20.3340 0.0000e+00
    20.1063   4.104060      0.820 189.669132    20.1062    29.3600      0.815    20.4386 0.0000e+00
    20.0464   3.891580      0.712 189.669190    20.0463    27.7133      0.707    19.2020 0.0000e+00
    19.9791   3.729270      0.634 189.669248    19.9790    26.4751      0.630    18.2782 0.0000e+00
    19.9753   3.705750      0.591 189.669306    19.9752    26.2923      0.587    18.1403 0.0000e+00
    19.9527   3.692590      0.445 189.669363    19.9526    26.2028      0.442    18.0780 0.0000e+00
    19.9624   3.697650      0.381 189.669421    19.9623    26.2366      0.378    18.1012 0.0000e+00
    19.9624   3.692550      0.314 189.669479    19.9623    26.1965      0.312    18.0708 0.0000e+00
    19.9540   3.687840      0.320 189.669537    19.9539    26.1647      0.318    18.0487 0.0000e+00
    19.9901   3.701260      0.532 189.669595    19.9900    26.2478      0.528    18.1028 0.0000e+00
    20.0955   3.726020      0.755 189.669653    20.0954    26.3767      0.750    18.1743 0.0000e+00
    20.2778   3.807170      0.895 189.669711    20.2776    26.8990      0.889    18.5249 0.0000e+00
    20.1338   3.798340      0.656 189.669769    20.1337    26.9211      0.652    18.5781 0.0000e+00
    20.0239   3.734180      0.449 189.669826    20.0238    26.4857      0.446    18.2750 0.0000e+00
    20.0188   3.718810      0.260 189.669884    20.0188    26.3680      0.258    18.1869 0.0000e+00
    19.9971   1.256630      0.032 189.669942    19.9971     8.0596      0.032     4.3240 0.0000e+00
    19.5512   0.110470      0.010 189.670000    19.5512     0.6169      0.010    -1.2310 0.0000e+00
    19.4921   0.086140      0.030 189.670058    19.4921     0.4769      0.030    -1.3260 0.0000e+00
    19.4883   0.034270      0.037 189.670116    19.4883     0.1853      0.037    -1.5484 0.0000e+00
    19.4235   0.005720      0.034 189.670174    19.4235     0.0346      0.034    -1.6509 0.0000e+00
    19.5111   0.000140      0.030 189.670231    19.5111     0.0098      0.030    -1.6875 0.0000e+00
    19.5490   0.000160      0.032 189.670289    19.5490     0.0099      0.032    -1.6951 0.0000e+00
    19.5588   0.000150      0.030 189.670347    19.5588     0.0098      0.030    -1.6971 0.0000e+00
    19.5660   0.000160      0.032 189.670405    19.5660     0.0099      0.032    -1.6985 0.0000e+00
    19.5902   0.000150      0.032 189.670463    19.5902     0.0099      0.032    -1.7034 0.0000e+00
    19.6285   0.000150      0.032 189.670521    19.6285     0.0099      0.032    -1.7111 0.0000e+00
    19.6445   0.000150      0.032 189.670579    19.6445     0.0099      0.032    -1.7144 0.0000e+00
    19.6459   0.000150      0.032 189.670637    19.6459     0.0099      0.032    -1.7147 0.0000e+00
    19.6585   0.000140      0.034 189.670694    19.6585     0.0099      0.034    -1.7172 0.0000e+00
    19.6765   0.000140      0.034 189.670752    19.6765     0.0099      0.034    -1.7209 0.0000e+00
    19.6992   0.000140      0.034 189.670810    19.6992     0.0099      0.034    -1.7255 0.0000e+00
    19.7548   0.000140      0.034 189.670868    19.7548     0.0099      0.034    -1.7368 0.0000e+00
    19.7621   0.000140      0.035 189.670926    19.7621     0.0099      0.035    -1.7383 0.0000e+00
    19.7963   0.000140      0.035 189.670984    19.7963     0.0099      0.035    -1.7452 0.0000e+00
    19.8344   0.000140      0.035 189.671042    19.8344     0.0099      0.035    -1.7530 0.0000e+00
    19.8869   0.000140      0.037 189.671100    19.8869     0.0100      0.037    -1.7638 0.0000e+00
    19.8662   0.000140      0.035 189.671157    19.8662     0.0099      0.035    -1.7595 0.0000e+00
    19.8806   0.000140      0.037 189.671215    19.8806     0.0100      0.037    -1.7625 0.0000e+00
    19.8733   0.000140      0.037 189.671273    19.8733     0.0100      0.037    -1.7610 0.0000e+00
    19.8863   0.000140      0.035 189.671331    19.8863     0.0100      0.035    -1.7636 0.0000e+00
    19.8725   0.000140      0.037 189.671389    19.8725     0.0100      0.037    -1.7608 0.0000e+00
    19.8888   0.000140      0.037 189.671447    19.8888     0.0100      0.037    -1.7641 0.0000e+00
    19.9184   0.000130      0.037 189.671505    19.9184     0.0100      0.037    -1.7702 0.0000e+00
    19.9428   0.000140      0.039 189.671562    19.9428     0.0100      0.039    -1.7752 0.0000e+00
    19.9959   0.000130      0.037 189.671620    19.9959     0.0100      0.037    -1.7862 0.0000e+00
    20.0399   0.000130      0.037 189.671678    20.0399     0.0100      0.037    -1.7952 0.0000e+00
    20.0981   0.000130      0.037 189.671736    20.0981     0.0100      0.037    -1.8073 0.0000e+00
    20.2994   0.000130      0.037 189.671794    20.2994     0.0101      0.037    -1.8492 0.0000e+00
    20.5668   0.000130      0.037 189.671852    20.5668     0.0102      0.037    -1.9055 0.0000e+00
    20.7732   0.000130      0.037 189.671910    20.7732     0.0103      0.037    -1.9495 0.0000e+00
    21.0029   0.000130      0.037 189.671968    21.0029     0.0104      0.037    -1.9990 0.0000e+00
    21.1870   0.000130      0.035 189.672025    21.1870     0.0105      0.035    -2.0390 0.0000e+00
    21.3956   0.000130      0.037 189.672083    21.3956     0.0105      0.037    -2.0848 0.0000e+00
    21.4177   0.000130      0.037 189.672141    21.4177     0.0105      0.037    -2.0897 0.0000e+00
    21.4077   0.000130      0.035 189.672199    21.4077     0.0105      0.035    -2.0874 0.0000e+00
    21.4593   0.000130      0.035 189.672257    21.4593     0.0106      0.035    -2.0988 0.0000e+00
    21.4196   0.000130      0.035 189.672315    21.4196     0.0105      0.035    -2.0901 0.0000e+00
    21.2997   0.000130      0.035 189.672373    21.2997     0.0105      0.035    -2.0637 0.0000e+00
    21.3175   0.000130      0.037 189.672431    21.3175     0.0105      0.037    -2.0676 0.0000e+00
    21.2824   0.000130      0.034 189.672488    21.2824     0.0105      0.034    -2.0599 0.0000e+00
    21.2211   0.000130      0.034 189.672546    21.2211     0.0105      0.034    -2.0464 0.0000e+00
    21.1375   0.000130      0.034 189.672604    21.1375     0.0104      0.034    -2.0282 0.0000e+00
    21.2665   0.000130      0.035 189.672662    21.2665     0.0105      0.035    -2.0564 0.0000e+00
    21.4201   0.000140      0.035 189.672720    21.4201     0.0106      0.035    -2.0902 0.0000e+00
    21.6058   0.000140      0.034 189.672778    21.6058     0.0106      0.034    -2.1314 0.0000e+00
    21.7746   0.000150      0.034 189.672836    21.7746     0.0107      0.034    -2.1691 0.0000e+00
    21.9988   0.000140      0.034 189.672894    21.9988     0.0108      0.034    -2.2197 0.0000e+00
    22.2286   0.000140      0.034 189.672951    22.2286     0.0109      0.034    -2.2720 0.0000e+00
    22.4110   0.000140      0.034 189.673009    22.4110     0.0109      0.034    -2.3140 0.0000e+00
    22.4546   0.000140      0.032 189.673067    22.4546     0.0109      0.032    -2.3240 0.0000e+00
    22.4841   0.000140      0.034 189.673125    22.4841     0.0110      0.034    -2.3309 0.0000e+00
    22.5720   0.000140      0.032 189.673183    22.5720     0.0110      0.032    -2.3512 0.0000e+00
    22.5507   0.000140      0.032 189.673241    22.5507     0.0110      0.032    -2.3463 0.0000e+00
    22.5975   0.000140      0.034 189.673299    22.5975     0.0110      0.034    -2.3572 0.0000e+00
    22.5951   0.000140      0.034 189.673356    22.5951     0.0110      0.034    -2.3566 0.0000e+00
    22.5972   0.000130      0.030 189.673414    22.5972     0.0110      0.030    -2.3571 0.0000e+00
    22.5806   0.000140      0.034 189.673472    22.5806     0.0110      0.034    -2.3532 0.0000e+00
    22.5535   0.000140      0.035 189.673530    22.5535     0.0110      0.035    -2.3470 0.0000e+00
    22.5660   0.000140      0.034 189.673588    22.5660     0.0110      0.034    -2.3499 0.0000e+00
    22.6317   0.000140      0.032 189.673646    22.6317     0.0110      0.032    -2.3651 0.0000e+00
    22.6906   0.000130      0.030 189.673704    22.6906     0.0110      0.030    -2.3789 0.0000e+00
    22.7559   0.000140      0.034 189.673762    22.7559     0.0111      0.034    -2.3942 0.0000e+00
    22.7702   0.000140      0.030 189.673819    22.7702     0.0111      0.030    -2.3975 0.0000e+00
    22.7115   0.000140      0.034 189.673877    22.7115     0.0110      0.034    -2.3838 0.0000e+00
    22.6066   0.000140      0.035 189.673935    22.6066     0.0110      0.035    -2.3593 0.0000e+00
    22.5587   0.000140      0.032 189.673993    22.5587     0.0110      0.032    -2.3482 0.0000e+00
    21.8952   0.000130      0.032 189.674051    21.8952     0.0107      0.032    -2.1962 0.0000e+00
    21.4197   0.000140      0.030 189.674109    21.4197     0.0106      0.030    -2.0901 0.0000e+00
    20.8881   0.000140      0.035 189.674167    20.8881     0.0104      0.035    -1.9742 0.0000e+00
    20.7472   0.000150      0.034 189.674225    20.7472     0.0103      0.034    -1.9439 0.0000e+00
    20.6561   0.000150      0.032 189.674282    20.6561     0.0103      0.032    -1.9245 0.0000e+00
    20.6302   0.000150      0.035 189.674340    20.6302     0.0103      0.035    -1.9189 0.0000e+00
    20.5954   0.000150      0.028 189.674398    20.5954     0.0103      0.028    -1.9116 0.0000e+00
    20.5981   0.000150      0.032 189.674456    20.5981     0.0103      0.032    -1.9121 0.0000e+00
    20.5996   0.000140      0.032 189.674514    20.5996     0.0102      0.032    -1.9125 0.0000e+00
    20.6948   1.505560      0.070 189.674572    20.6948     9.6426      0.070     5.3638 0.0000e+00
    20.1531   3.434820      0.320 189.674630    20.1530    24.0707      0.318    16.4096 0.0000e+00
    20.1506   3.431160      0.463 189.674688    20.1505    24.0437      0.460    16.3898 0.0000e+00
    20.1483   3.429650      0.492 189.674745    20.1482    24.0333      0.489    16.3824 0.0000e+00
    20.1497   3.430310      0.408 189.674803    20.1496    24.0376      0.405    16.3854 0.0000e+00
    20.1420   3.438420      0.550 189.674861    20.1419    24.1048      0.546    16.4383 0.0000e+00
    20.1350   3.449670      0.485 189.674919    20.1349    24.1961      0.482    16.5093 0.0000e+00
    20.1427   3.441810      0.566 189.674977    20.1426    24.1307      0.562    16.4577 0.0000e+00
    20.1371   3.447230      0.748 189.675035    20.1370    24.1759      0.743    16.4934 0.0000e+00
    20.1334   3.446270      0.926 189.675093    20.1332    24.1705      0.920    16.4902 0.0000e+00
    20.1222   3.470560      0.945 189.675150    20.1220    24.3655      0.939    16.6409 0.0000e+00
    20.0282   3.582080      1.334 189.675208    20.0280    25.2897      1.325    17.3657 0.0000e+00
    20.0394   3.612600      1.141 189.675266    20.0392    25.5218      1.133    17.5392 0.0000e+00
    20.0336   3.630560      1.106 189.675324    20.0334    25.6659      1.099    17.6501 0.0000e+00
    20.0345   3.669370      0.879 189.675382    20.0343    25.9698      0.873    17.8805 0.0000e+00
    20.1292   3.530560      0.805 189.675440    20.1291    24.8280      0.800    16.9902 0.0000e+00
    20.1167   3.482440      0.764 189.675498    20.1166    24.4610      0.759    16.7148 0.0000e+00
    20.1298   3.457230      0.812 189.675556    20.1297    24.2576      0.807    16.5572 0.0000e+00
    20.1216   3.462400      0.674 189.675613    20.1215    24.3025      0.669    16.5933 0.0000e+00
    20.1194   3.462420      0.694 189.675671    20.1193    24.3039      0.689    16.5949 0.0000e+00
    20.1411   3.442360      0.490 189.675729    20.1410    24.1359      0.487    16.4621 0.0000e+00
    20.1436   3.430680      0.541 189.675787    20.1435    24.0439      0.537    16.3917 0.0000e+00
    20.1422   3.431280      0.541 189.675845    20.1421    24.0494      0.537    16.3962 0.0000e+00
    20.1442   3.431880      0.314 189.675903    20.1441    24.0529      0.312    16.3984 0.0000e+00
    19.5863   0.139450      0.023 189.675961    19.5863     0.7862      0.023    -1.1089 0.0000e+00
    19.4843   0.000110      0.019 189.676019    19.4843     0.0098      0.019    -1.6821 0.0000e+00
    19.3942   0.000150      0.028 189.676076    19.3942     0.0098      0.028    -1.6641 0.0000e+00
    19.3878   0.007460      0.032 189.676134    19.3878     0.0433      0.032    -1.6371 0.0000e+00
    19.3335   0.000270      0.032 189.676192    19.3335     0.0100      0.032    -1.6518 0.0000e+00
    19.3206   0.000240      0.030 189.676250    19.3206     0.0099      0.030    -1.6492 0.0000e+00
    19.3100   0.000220      0.030 189.676308    19.3100     0.0099      0.030    -1.6472 0.0000e+00
    19.3267   0.000220      0.028 189.676366    19.3267     0.0099      0.028    -1.6505 0.0000e+00
    19.3038   0.000210      0.030 189.676424    19.3038     0.0099      0.030    -1.6460 0.0000e+00
    19.3275   0.000210      0.030 189.676481    19.3275     0.0099      0.030    -1.6507 0.0000e+00
    19.3557   0.000210      0.032 189.676539    19.3557     0.0099      0.032    -1.6563 0.0000e+00
    19.3740   0.000210      0.030 189.676597    19.3740     0.0099      0.030    -1.6599 0.0000e+00
    19.5190   0.000220      0.030 189.676655    19.5190     0.0100      0.030    -1.6890 0.0000e+00
    19.5966   0.000210      0.032 189.676713    19.5966     0.0100      0.032    -1.7046 0.0000e+00
    19.5779   0.000220      0.030 189.676771    19.5779     0.0100      0.030    -1.7008 0.0000e+00
    19.5687   0.000210      0.032 189.676829    19.5687     0.0100      0.032    -1.6990 0.0000e+00
    19.5603   0.000210      0.032 189.676887    19.5603     0.0100      0.032    -1.6973 0.0000e+00
    19.5977   0.000210      0.030 189.676944    19.5977     0.0100      0.030    -1.7048 0.0000e+00
    19.6014   0.000210      0.030 189.677002    19.6014     0.0100      0.030    -1.7056 0.0000e+00
    19.5850   0.000210      0.030 189.677060    19.5850     0.0100      0.030    -1.7023 0.0000e+00
    19.5601   0.000200      0.032 189.677118    19.5601     0.0099      0.032    -1.6973 0.0000e+00
    19.5706   0.000200      0.032 189.677176    19.5706     0.0099      0.032    -1.6994 0.0000e+00
