data/raw/08-07-17/stations_08_07_2017.asc
* Sea-Bird SBE37 Data File:
* FileName = D:\Prof-Arnaldo\CTD_LAGOA_07_2017\08_07_2017.asc
* Software Version 1.59
* Temperature SN = 2603
* Conductivity SN = 2603
* System UpLoad Time = Jul 08 2017 18:38:25
* ds
* SBE37-SM V 2.2  SERIAL NO. 2603    08 Jul 2017  18:37:02
*END*
[from data line 316]
 23.3216, 0.00009,    0.041, 08 Jul 2017, 14:41:18
 23.3489, 0.00009,    0.039, 08 Jul 2017, 14:41:23
 23.1427, 0.00009,    0.034, 08 Jul 2017, 14:41:28
 22.9736, 0.00010,    0.039, 08 Jul 2017, 14:41:33
 22.9349, 0.00010,    0.050, 08 Jul 2017, 14:41:38
 22.9068, 0.00010,    0.035, 08 Jul 2017, 14:41:43
 22.9356, 0.00010,    0.039, 08 Jul 2017, 14:41:48
 22.7730, 0.00010,    0.043, 08 Jul 2017, 14:41:53
 22.7835, 0.00010,    0.039, 08 Jul 2017, 14:41:58
 22.8895, 0.00010,    0.043, 08 Jul 2017, 14:42:03
 22.9447, 0.00009,    0.039, 08 Jul 2017, 14:42:08
 22.9552, 0.00010,    0.039, 08 Jul 2017, 14:42:13
 23.0545, 0.00010,    0.032, 08 Jul 2017, 14:42:18
 22.9351, 0.00010,    0.041, 08 Jul 2017, 14:42:23
 22.8293, 0.00010,    0.035, 08 Jul 2017, 14:42:28
 22.7263, 0.00010,    0.037, 08 Jul 2017, 14:42:33
 22.6070, 0.00010,    0.037, 08 Jul 2017, 14:42:38
 22.7413, 0.00010,    0.039, 08 Jul 2017, 14:42:43
 22.6712, 0.00010,    0.044, 08 Jul 2017, 14:42:48
 22.7397, 0.00010,    0.035, 08 Jul 2017, 14:42:53
 22.8134, 0.00010,    0.039, 08 Jul 2017, 14:42:58
 22.8284, 0.00010,    0.035, 08 Jul 2017, 14:43:03
 22.8623, 0.00010,    0.041, 08 Jul 2017, 14:43:08
 22.9654, 0.00010,    0.052, 08 Jul 2017, 14:43:13
 23.0132, 0.00010,    0.035, 08 Jul 2017, 14:43:18
 22.9860, 0.00010,    0.037, 08 Jul 2017, 14:43:23
 22.9335, 0.00010,    0.041, 08 Jul 2017, 14:43:28
 22.9260, 0.00009,    0.037, 08 Jul 2017, 14:43:33
 22.9229, 0.00010,    0.044, 08 Jul 2017, 14:43:38
 22.9664, 0.00010,    0.034, 08 Jul 2017, 14:43:43
 23.0269, 0.00009,    0.044, 08 Jul 2017, 14:43:48
 22.9230, 0.00010,    0.039, 08 Jul 2017, 14:43:53
 22.8116, 0.00010,    0.037, 08 Jul 2017, 14:43:58
 22.7391, 0.00010,    0.039, 08 Jul 2017, 14:44:03
 22.7189, 0.00010,    0.035, 08 Jul 2017, 14:44:08
 22.7198, 0.00010,    0.041, 08 Jul 2017, 14:44:13
 22.7028, 0.00010,    0.039, 08 Jul 2017, 14:44:18
 22.6255, 0.00010,    0.037, 08 Jul 2017, 14:44:23
 22.6584, 0.00010,    0.035, 08 Jul 2017, 14:44:28
 22.7141, 0.00010,    0.043, 08 Jul 2017, 14:44:33
 22.7453, 0.00010,    0.035, 08 Jul 2017, 14:44:38
 22.7539, 0.00010,    0.043, 08 Jul 2017, 14:44:43
 22.7693, 0.00010,    0.041, 08 Jul 2017, 14:44:48
 22.7053, 0.00010,    0.039, 08 Jul 2017, 14:44:53
 22.8546, 0.00010,    0.041, 08 Jul 2017, 14:44:58
 23.0037, 0.00010,    0.041, 08 Jul 2017, 14:45:03
 23.0806, 0.00010,    0.039, 08 Jul 2017, 14:45:08
 22.6881, 0.00010,    0.041, 08 Jul 2017, 14:45:13
 19.7455, 3.10103,    0.062, 08 Jul 2017, 14:45:18
 19.3452, 4.51047,    0.156, 08 Jul 2017, 14:45:23
 19.3529, 4.50315,    0.167, 08 Jul 2017, 14:45:28
 19.3561, 4.50490,    0.224, 08 Jul 2017, 14:45:33
 19.3560, 4.50191,    0.210, 08 Jul 2017, 14:45:38
 19.3475, 4.50783,    0.426, 08 Jul 2017, 14:45:43
 19.3440, 4.50298,    0.631, 08 Jul 2017, 14:45:48
 19.3549, 4.50443,    0.749, 08 Jul 2017, 14:45:53
 19.3571, 4.50114,    0.890, 08 Jul 2017, 14:45:58
 19.3377, 4.49968,    1.023, 08 Jul 2017, 14:46:03
 19.3430, 4.50045,    1.226, 08 Jul 2017, 14:46:08
 19.3391, 4.50018,    1.325, 08 Jul 2017, 14:46:13
 19.3390, 4.49917,    1.361, 08 Jul 2017, 14:46:18
 19.3314, 4.50045,    1.472, 08 Jul 2017, 14:46:23
 19.3311, 4.50037,    1.614, 08 Jul 2017, 14:46:28
 19.3305, 4.50008,    1.785, 08 Jul 2017, 14:46:33
 19.3294, 4.49997,    2.021, 08 Jul 2017, 14:46:38
 19.3282, 4.50060,    2.255, 08 Jul 2017, 14:46:43
 19.3260, 4.50215,    2.613, 08 Jul 2017, 14:46:48
 19.3273, 4.50203,    2.927, 08 Jul 2017, 14:46:53
 19.3257, 4.50274,    3.141, 08 Jul 2017, 14:46:58
 19.3254, 4.50279,    3.362, 08 Jul 2017, 14:47:03
 19.3231, 4.50321,    3.571, 08 Jul 2017, 14:47:08
 19.3236, 4.50460,    4.037, 08 Jul 2017, 14:47:13
 19.3239, 4.50605,    4.501, 08 Jul 2017, 14:47:18
 19.3228, 4.50629,    4.758, 08 Jul 2017, 14:47:23
 19.3224, 4.50763,    5.093, 08 Jul 2017, 14:47:28
 19.3230, 4.50691,    5.285, 08 Jul 2017, 14:47:33
 19.3226, 4.50754,    5.715, 08 Jul 2017, 14:47:38
 19.3233, 4.50737,    5.941, 08 Jul 2017, 14:47:43
 19.3238, 4.50751,    6.287, 08 Jul 2017, 14:47:48
 19.3243, 4.50763,    6.785, 08 Jul 2017, 14:47:53
 19.3233, 4.50721,    7.173, 08 Jul 2017, 14:47:58
 19.3237, 4.50603,    6.909, 08 Jul 2017, 14:48:03
 19.3230, 4.50384,    7.173, 08 Jul 2017, 14:48:08
 19.3252, 4.50551,    6.918, 08 Jul 2017, 14:48:13
 19.3276, 4.50568,    6.510, 08 Jul 2017, 14:48:18
 19.3309, 4.50668,    6.145, 08 Jul 2017, 14:48:23
 19.3313, 4.50420,    5.844, 08 Jul 2017, 14:48:28
 19.3317, 4.50396,    5.427, 08 Jul 2017, 14:48:33
 19.3331, 4.50350,    4.778, 08 Jul 2017, 14:48:38
 19.3363, 4.50403,    4.217, 08 Jul 2017, 14:48:43
 19.3535, 4.50307,    3.762, 08 Jul 2017, 14:48:48
 19.3532, 4.50205,    3.352, 08 Jul 2017, 14:48:53
 19.3562, 4.50195,    2.749, 08 Jul 2017, 14:48:58
 19.3503, 4.44027,    2.355, 08 Jul 2017, 14:49:03
 19.3574, 4.16649,    1.836, 08 Jul 2017, 14:49:08
 19.3519, 4.47521,    1.381, 08 Jul 2017, 14:49:13
 19.3712, 4.44736,    0.710, 08 Jul 2017, 14:49:18
 19.3602, 4.26486,    0.264, 08 Jul 2017, 14:49:23
 19.3616, 3.55025,    0.084, 08 Jul 2017, 14:49:28
 19.2559, 0.13710,    0.071, 08 Jul 2017, 14:49:33
 19.2092, 0.03000,    0.068, 08 Jul 2017, 14:49:38
 19.4396, 0.00522,    0.068, 08 Jul 2017, 14:49:43
 19.4634, 0.00010,    0.066, 08 Jul 2017, 14:49:48
 19.5713, 0.00010,    0.066, 08 Jul 2017, 14:49:53
 19.5310, 0.00010,    0.064, 08 Jul 2017, 14:49:58
 19.6079, 0.00010,    0.064, 08 Jul 2017, 14:50:03
 19.6440, 0.00010,    0.062, 08 Jul 2017, 14:50:08
 19.7449, 0.00010,    0.062, 08 Jul 2017, 14:50:13
 19.7859, 0.00010,    0.062, 08 Jul 2017, 14:50:18
 19.7771, 0.00010,    0.061, 08 Jul 2017, 14:50:23
 19.8028, 0.00010,    0.059, 08 Jul 2017, 14:50:28
 19.8744, 0.00010,    0.059, 08 Jul 2017, 14:50:33
 19.8888, 0.00010,    0.057, 08 Jul 2017, 14:50:38
 19.8953, 0.00009,    0.057, 08 Jul 2017, 14:50:43
 20.0257, 0.00009,    0.057, 08 Jul 2017, 14:50:48
 19.9599, 0.00009,    0.055, 08 Jul 2017, 14:50:53
 19.9397, 0.00009,    0.053, 08 Jul 2017, 14:50:58
 19.8802, 0.00009,    0.052, 08 Jul 2017, 14:51:03
 19.9023, 0.00009,    0.052, 08 Jul 2017, 14:51:08
 20.0791, 0.00009,    0.050, 08 Jul 2017, 14:51:13
 20.1373, 0.00009,    0.050, 08 Jul 2017, 14:51:18
 20.1932, 0.00009,    0.050, 08 Jul 2017, 14:51:23
 20.3770, 0.00009,    0.048, 08 Jul 2017, 14:51:28
 20.4640, 0.00009,    0.046, 08 Jul 2017, 14:51:33
 20.6406, 0.00009,    0.046, 08 Jul 2017, 14:51:38
 20.7199, 0.00009,    0.044, 08 Jul 2017, 14:51:43
 20.6995, 0.00009,    0.044, 08 Jul 2017, 14:51:48
 20.7173, 0.00008,    0.043, 08 Jul 2017, 14:51:53
 21.0443, 0.00008,    0.043, 08 Jul 2017, 14:51:58
 21.2806, 0.00008,    0.041, 08 Jul 2017, 14:52:03
 21.2931, 0.00008,    0.039, 08 Jul 2017, 14:52:08
 21.2408, 0.00009,    0.039, 08 Jul 2017, 14:52:13
 21.3111, 0.00008,    0.037, 08 Jul 2017, 14:52:18
 21.3391, 0.00008,    0.037, 08 Jul 2017, 14:52:23
 21.3078, 0.00008,    0.037, 08 Jul 2017, 14:52:28
 21.4767, 0.00008,    0.035, 08 Jul 2017, 14:52:33
 21.4843, 0.00008,    0.035, 08 Jul 2017, 14:52:38
 21.4876, 0.00008,    0.034, 08 Jul 2017, 14:52:43
 21.5230, 0.00008,    0.034, 08 Jul 2017, 14:52:48
 21.6198, 0.00008,    0.032, 08 Jul 2017, 14:52:53
 21.6974, 0.00008,    0.032, 08 Jul 2017, 14:52:58
 21.8797, 0.00008,    0.032, 08 Jul 2017, 14:53:03
 22.0599, 0.00008,    0.030, 08 Jul 2017, 14:53:08
 22.3391, 0.00008,    0.028, 08 Jul 2017, 14:53:13
 22.5713, 0.00008,    0.028, 08 Jul 2017, 14:53:18
 22.7412, 0.00007,    0.028, 08 Jul 2017, 14:53:23
 22.9904, 0.00008,    0.026, 08 Jul 2017, 14:53:28
 23.0977, 0.00008,    0.026, 08 Jul 2017, 14:53:33
 23.1995, 0.00007,    0.025, 08 Jul 2017, 14:53:38
 23.2032, 0.00008,    0.025, 08 Jul 2017, 14:53:43
 23.2820, 0.00008,    0.025, 08 Jul 2017, 14:53:48
 23.3101, 0.00008,    0.023, 08 Jul 2017, 14:53:53
 23.1246, 0.00008,    0.023, 08 Jul 2017, 14:53:58
 22.6479, 0.00008,    0.023, 08 Jul 2017, 14:54:03
 22.0668, 0.00008,    0.032, 08 Jul 2017, 14:54:08
 21.6104, 0.00008,    0.037, 08 Jul 2017, 14:54:13
 20.8320, 0.00008,    0.035, 08 Jul 2017, 14:54:18
 19.5345, 4.54352,    0.145, 08 Jul 2017, 14:54:23
 19.3950, 4.53107,    0.154, 08 Jul 2017, 14:54:28
 19.3779, 4.54369,    0.287, 08 Jul 2017, 14:54:33
 19.3824, 4.52399,    0.291, 08 Jul 2017, 14:54:38
 19.3718, 4.52663,    0.485, 08 Jul 2017, 14:54:43
 19.3862, 4.51136,    0.532, 08 Jul 2017, 14:54:48
 19.3853, 4.50846,    0.722, 08 Jul 2017, 14:54:53
 19.3880, 4.50647,    0.877, 08 Jul 2017, 14:54:58
 19.3844, 4.50559,    0.999, 08 Jul 2017, 14:55:03
 19.3798, 4.50473,    1.062, 08 Jul 2017, 14:55:08
 19.3848, 4.50585,    1.325, 08 Jul 2017, 14:55:13
 19.3706, 4.50487,    1.447, 08 Jul 2017, 14:55:18
 19.3651, 4.50556,    1.710, 08 Jul 2017, 14:55:23
 19.3719, 4.50437,    1.899, 08 Jul 2017, 14:55:28
 19.3665, 4.50357,    2.089, 08 Jul 2017, 14:55:33
 19.3766, 4.50540,    2.469, 08 Jul 2017, 14:55:38
 19.3777, 4.50574,    2.690, 08 Jul 2017, 14:55:43
 19.3649, 4.50653,    3.064, 08 Jul 2017, 14:55:48
 19.3630, 4.50434,    3.431, 08 Jul 2017, 14:55:53
 19.3600, 4.50532,    3.924, 08 Jul 2017, 14:55:58
 19.3597, 4.50587,    4.168, 08 Jul 2017, 14:56:03
 19.3598, 4.50549,    4.150, 08 Jul 2017, 14:56:08
 19.3597, 4.50464,    3.895, 08 Jul 2017, 14:56:13
 19.3617, 4.50493,    3.532, 08 Jul 2017, 14:56:18
 19.3633, 4.50457,    3.337, 08 Jul 2017, 14:56:23
 19.3640, 4.50469,    2.943, 08 Jul 2017, 14:56:28
 19.3669, 4.50420,    2.620, 08 Jul 2017, 14:56:33
 19.3711, 4.50372,    2.132, 08 Jul 2017, 14:56:38
 19.3724, 4.50388,    1.677, 08 Jul 2017, 14:56:43
 19.3708, 4.50393,    1.266, 08 Jul 2017, 14:56:48
 19.3681, 4.50366,    0.976, 08 Jul 2017, 14:56:53
 19.3761, 4.50366,    0.663, 08 Jul 2017, 14:56:58
 19.3790, 4.50328,    0.338, 08 Jul 2017, 14:57:03
 19.3896, 4.50364,    0.156, 08 Jul 2017, 14:57:08
 19.3853, 4.50357,    0.170, 08 Jul 2017, 14:57:13
 19.2747, 0.46564,    0.044, 08 Jul 2017, 14:57:18
 19.1616, 0.12696,    0.037, 08 Jul 2017, 14:57:23
 19.1368, 0.01453,    0.032, 08 Jul 2017, 14:57:28
 19.0676, 0.00035,    0.030, 08 Jul 2017, 14:57:33
 19.1285, 0.00009,    0.028, 08 Jul 2017, 14:57:38
 19.2343, 0.00009,    0.030, 08 Jul 2017, 14:57:43
 19.4518, 0.00009,    0.030, 08 Jul 2017, 14:57:48
 19.4114, 0.00008,    0.030, 08 Jul 2017, 14:57:53
 19.4312, 0.00008,    0.030, 08 Jul 2017, 14:57:58
 19.4343, 0.00008,    0.030, 08 Jul 2017, 14:58:03
 19.3895, 0.00008,    0.028, 08 Jul 2017, 14:58:08
 19.4970, 0.00008,    0.030, 08 Jul 2017, 14:58:13
 19.6805, 0.00008,    0.030, 08 Jul 2017, 14:58:18
 19.8149, 0.00008,    0.026, 08 Jul 2017, 14:58:23
 19.8731, 0.00008,    0.028, 08 Jul 2017, 14:58:28
 19.8088, 0.00008,    0.026, 08 Jul 2017, 14:58:33
 19.6999, 0.00008,    0.026, 08 Jul 2017, 14:58:38
 19.6874, 0.00008,    0.026, 08 Jul 2017, 14:58:43
 19.6921, 0.00008,    0.026, 08 Jul 2017, 14:58:48
 19.6866, 0.00008,    0.025, 08 Jul 2017, 14:58:53
 19.7495, 0.00008,    0.025, 08 Jul 2017, 14:58:58
 19.8287, 0.00008,    0.025, 08 Jul 2017, 14:59:03
 20.0286, 0.00008,    0.025, 08 Jul 2017, 14:59:08
 20.1447, 0.00008,    0.025, 08 Jul 2017, 14:59:13
 20.2919, 0.00008,    0.025, 08 Jul 2017, 14:59:18
 20.5214, 0.00008,    0.023, 08 Jul 2017, 14:59:23
 20.6819, 0.00007,    0.023, 08 Jul 2017, 14:59:28
 20.8260, 0.00008,    0.023, 08 Jul 2017, 14:59:33
 20.9464, 0.00007,    0.021, 08 Jul 2017, 14:59:38
 20.9949, 0.00008,    0.021, 08 Jul 2017, 14:59:43
 21.0185, 0.00007,    0.021, 08 Jul 2017, 14:59:48
 21.0504, 0.00008,    0.021, 08 Jul 2017, 14:59:53
 21.0592, 0.00008,    0.019, 08 Jul 2017, 14:59:58
 21.0856, 0.00008,    0.017, 08 Jul 2017, 15:00:03
 21.0808, 0.00007,    0.019, 08 Jul 2017, 15:00:08
 21.0486, 0.00007,    0.019, 08 Jul 2017, 15:00:13
 20.9504, 0.00008,    0.017, 08 Jul 2017, 15:00:18
 20.8821, 0.00007,    0.019, 08 Jul 2017, 15:00:23
 20.8457, 0.00010,    0.017, 08 Jul 2017, 15:00:28
 20.8450, 0.00009,    0.017, 08 Jul 2017, 15:00:33
 20.6279, 0.00009,    0.017, 08 Jul 2017, 15:00:38
 20.7660, 0.00009,    0.017, 08 Jul 2017, 15:00:43
 20.9802, 0.00006,    0.016, 08 Jul 2017, 15:00:48
 21.1145, 0.00008,    0.014, 08 Jul 2017, 15:00:53
 21.2930, 0.00008,    0.014, 08 Jul 2017, 15:00:58
 21.0373, 0.00008,    0.016, 08 Jul 2017, 15:01:03
 20.7183, 0.00008,    0.012, 08 Jul 2017, 15:01:08
 20.4520, 0.00007,    0.016, 08 Jul 2017, 15:01:13
 19.4677, 4.51071,    0.082, 08 Jul 2017, 15:01:18
 19.3492, 4.50523,    0.145, 08 Jul 2017, 15:01:23
 19.3466, 4.50438,    0.156, 08 Jul 2017, 15:01:28
 19.3477, 4.49849,    0.136, 08 Jul 2017, 15:01:33
 19.3493, 4.50749,    0.163, 08 Jul 2017, 15:01:38
 19.3441, 4.50760,    0.244, 08 Jul 2017, 15:01:43
 19.3444, 4.50763,    0.410, 08 Jul 2017, 15:01:48
 19.3403, 4.50784,    0.598, 08 Jul 2017, 15:01:53
 19.3410, 4.50619,    0.697, 08 Jul 2017, 15:01:58
 19.3356, 4.50526,    0.791, 08 Jul 2017, 15:02:03
 19.3378, 4.50810,    1.016, 08 Jul 2017, 15:02:08
 19.3388, 4.50763,    1.165, 08 Jul 2017, 15:02:13
 19.3334, 4.50698,    1.305, 08 Jul 2017, 15:02:18
 19.3341, 4.50633,    1.444, 08 Jul 2017, 15:02:23
 19.3341, 4.50606,    1.561, 08 Jul 2017, 15:02:28
 19.3372, 4.50688,    1.780, 08 Jul 2017, 15:02:33
 19.3361, 4.50703,    1.904, 08 Jul 2017, 15:02:38
 19.3388, 4.50582,    1.978, 08 Jul 2017, 15:02:43
 19.3396, 4.50605,    2.116, 08 Jul 2017, 15:02:48
 19.3379, 4.50549,    2.375, 08 Jul 2017, 15:02:53
 19.3362, 4.50557,    2.667, 08 Jul 2017, 15:02:58
 19.3374, 4.50574,    2.834, 08 Jul 2017, 15:03:03
 19.3370, 4.50543,    3.150, 08 Jul 2017, 15:03:08
 19.3373, 4.50536,    3.487, 08 Jul 2017, 15:03:13
 19.3385, 4.50520,    3.528, 08 Jul 2017, 15:03:18
 19.3378, 4.50570,    3.893, 08 Jul 2017, 15:03:23
 19.3384, 4.50562,    3.726, 08 Jul 2017, 15:03:28
 19.3402, 4.50573,    3.625, 08 Jul 2017, 15:03:33
 19.3401, 4.50551,    3.497, 08 Jul 2017, 15:03:38
 19.3402, 4.50577,    3.082, 08 Jul 2017, 15:03:43
 19.3407, 4.50588,    2.722, 08 Jul 2017, 15:03:48
 19.3388, 4.50571,    2.681, 08 Jul 2017, 15:03:53
 19.3399, 4.50588,    2.454, 08 Jul 2017, 15:03:58
 19.3425, 4.50590,    2.145, 08 Jul 2017, 15:04:03
 19.3468, 4.50605,    1.823, 08 Jul 2017, 15:04:08
 19.3496, 4.50638,    1.397, 08 Jul 2017, 15:04:13
 19.3496, 4.50618,    1.086, 08 Jul 2017, 15:04:18
 19.3506, 4.50644,    0.679, 08 Jul 2017, 15:04:23
 19.3465, 4.50619,    0.420, 08 Jul 2017, 15:04:28
 19.3459, 4.50573,    0.266, 08 Jul 2017, 15:04:33
 19.3487, 4.50576,    0.249, 08 Jul 2017, 15:04:38
 19.3495, 4.50582,    0.242, 08 Jul 2017, 15:04:43
 19.2738, 0.30074,    0.032, 08 Jul 2017, 15:04:48
 19.1150, 0.03313,    0.043, 08 Jul 2017, 15:04:53
 19.3560, 0.00011,    0.043, 08 Jul 2017, 15:04:58
 19.5772, 0.00011,    0.041, 08 Jul 2017, 15:05:03
 19.8238, 0.00011,    0.041, 08 Jul 2017, 15:05:08
 19.9640, 0.00011,    0.039, 08 Jul 2017, 15:05:13
 20.1492, 0.00011,    0.039, 08 Jul 2017, 15:05:18
 20.3244, 0.00011,    0.039, 08 Jul 2017, 15:05:23
 20.4598, 0.00011,    0.039, 08 Jul 2017, 15:05:28
 20.4035, 0.00011,    0.037, 08 Jul 2017, 15:05:33
 20.3385, 0.00011,    0.037, 08 Jul 2017, 15:05:38
 20.2215, 0.00011,    0.037, 08 Jul 2017, 15:05:43
 20.1003, 0.00011,    0.039, 08 Jul 2017, 15:05:48
 20.0800, 0.00011,    0.039, 08 Jul 2017, 15:05:53
 20.0636, 0.00011,    0.039, 08 Jul 2017, 15:05:58
 20.2840, 0.00011,    0.037, 08 Jul 2017, 15:06:03
 20.5794, 0.00011,    0.037, 08 Jul 2017, 15:06:08
 20.7370, 0.00011,    0.035, 08 Jul 2017, 15:06:13
 20.7957, 0.00016,    0.039, 08 Jul 2017, 15:06:18
 20.8842, 0.00013,    0.041, 08 Jul 2017, 15:06:23
 20.9240, 0.00010,    0.039, 08 Jul 2017, 15:06:28
 20.9843, 0.00010,    0.037, 08 Jul 2017, 15:06:33
 21.0403, 0.00010,    0.037, 08 Jul 2017, 15:06:38
 21.0750, 0.00010,    0.037, 08 Jul 2017, 15:06:43
 20.9980, 0.00010,    0.035, 08 Jul 2017, 15:06:48
 20.9913, 0.00010,    0.035, 08 Jul 2017, 15:06:53
 21.0173, 0.00010,    0.035, 08 Jul 2017, 15:06:58
 21.0264, 0.00011,    0.035, 08 Jul 2017, 15:07:03
 20.6705, 0.00011,    0.035, 08 Jul 2017, 15:07:08
 20.4178, 0.00011,    0.035, 08 Jul 2017, 15:07:13
