data/raw/08-07-17/stations_08_07_2017.cnv
* Sea-Bird SBE37 Data File:
* FileName = D:\Prof-Arnaldo\CTD_LAGOA_07_2017\08_07_2017.asc
* Software Version 1.59
* Temperature SN = 2603
* Conductivity SN = 2603
* System UpLoad Time = Jul 08 2017 18:38:25
* ds
* SBE37-SM V 2.2  SERIAL NO. 2603    08 Jul 2017  18:37:02
# nquan = 5
# nvalues =     3138
# units = metric
# name 0 = t090: temperature, ITS-90 [deg C]
# name 1 = c0S/m: conductivity [S/m]
# name 2 = pr: pressure [db]
# name 3 = timeJ: time [julian days]
# name 4 = flag:  0.000e+00
# span 0 = 18.0497, 25.4045           
# span 1 = 0.00004, 4.54369           
# span 2 = 0.001, 7.173               
# span 3 = 189.593889, 189.775440     
# span 4 = 0.000e+00, 0.000e+00       
# interval = seconds: 5
# start_time = Jul 08 2017 14:15:12
# bad_flag = -9.990e-29
*END*
[from data line 1715]
    20.0938    0.00020      0.019 189.693148  0.000e+00
    20.0765    0.00019      0.019 189.693206  0.000e+00
    20.0867    0.00019      0.034 189.693264  0.000e+00
    19.9841    1.34836      0.253 189.693322  0.000e+00
    20.0298    2.55215      0.330 189.693380  0.000e+00
    20.0296    2.55490      0.517 189.693437  0.000e+00
    20.0297    2.55567      0.573 189.693495  0.000e+00
    20.0328    2.55707      0.740 189.693553  0.000e+00
    20.0310    2.55899      0.562 189.693611  0.000e+00
    20.0292    2.55931      0.584 189.693669  0.000e+00
    20.0288    2.55902      0.498 189.693727  0.000e+00
    20.0282    2.56158      0.602 189.693785  0.000e+00
    20.0265    2.56259      0.631 189.693843  0.000e+00
    20.0253    2.56310      0.611 189.693900  0.000e+00
    20.0262    2.56447      0.571 189.693958  0.000e+00
    20.0280    2.56356      0.433 189.694016  0.000e+00
    20.0285    2.56327      0.807 189.694074  0.000e+00
    20.0252    2.56626      1.095 189.694132  0.000e+00
    20.0275    2.56771      1.402 189.694190  0.000e+00
    19.6935    3.29221      1.507 189.694248  0.000e+00
    19.7280    3.24413      1.569 189.694306  0.000e+00
    19.6310    3.63915      1.607 189.694363  0.000e+00
    19.7244    3.69950      1.553 189.694421  0.000e+00
    19.7406    3.75193      1.397 189.694479  0.000e+00
    19.9870    3.55527      1.329 189.694537  0.000e+00
    20.0199    3.19702      1.242 189.694595  0.000e+00
    20.0211    2.77250      1.213 189.694653  0.000e+00
    20.0272    2.59639      1.176 189.694711  0.000e+00
    20.0251    2.56738      1.075 189.694769  0.000e+00
    20.0295    2.56497      1.034 189.694826  0.000e+00
    20.0297    2.56353      1.077 189.694884  0.000e+00
    20.0293    2.56285      0.793 189.694942  0.000e+00
    20.0309    2.56099      0.749 189.695000  0.000e+00
    20.0298    2.56037      0.467 189.695058  0.000e+00
    20.0291    2.55956      0.302 189.695116  0.000e+00
    20.0244    2.52793      0.041 189.695174  0.000e+00
    19.2419    0.06583      0.019 189.695231  0.000e+00
    19.1113    0.00039      0.017 189.695289  0.000e+00
    19.0409    0.01923      0.034 189.695347  0.000e+00
    18.9762    0.00037      0.030 189.695405  0.000e+00
    19.0557    0.00037      0.028 189.695463  0.000e+00
    19.1118    0.00035      0.030 189.695521  0.000e+00
    19.1443    0.00034      0.030 189.695579  0.000e+00
    19.1373    0.00033      0.026 189.695637  0.000e+00
    19.1352    0.00033      0.028 189.695694  0.000e+00
    19.1177    0.00033      0.028 189.695752  0.000e+00
    19.1426    0.00032      0.026 189.695810  0.000e+00
    19.1656    0.00032      0.026 189.695868  0.000e+00
    19.1548    0.00032      0.026 189.695926  0.000e+00
    19.1540    0.00032      0.028 189.695984  0.000e+00
    19.1712    0.00031      0.026 189.696042  0.000e+00
    19.2007    0.00031      0.026 189.696100  0.000e+00
    19.2107    0.00031      0.026 189.696157  0.000e+00
    19.2046    0.00030      0.026 189.696215  0.000e+00
    19.1964    0.00030      0.028 189.696273  0.000e+00
    19.2103    0.00030      0.025 189.696331  0.000e+00
    19.2049    0.00030      0.028 189.696389  0.000e+00
    19.2087    0.00030      0.026 189.696447  0.000e+00
    19.2239    0.00030      0.028 189.696505  0.000e+00
    19.2029    0.00029      0.030 189.696563  0.000e+00
    19.2217    0.00029      0.028 189.696620  0.000e+00
    19.2449    0.00029      0.028 189.696678  0.000e+00
    19.2635    0.00029      0.028 189.696736  0.000e+00
    19.2588    0.00029      0.032 189.696794  0.000e+00
    19.2703    0.00029      0.032 189.696852  0.000e+00
    19.2321    0.00029      0.028 189.696910  0.000e+00
    19.2343    0.00029      0.026 189.696968  0.000e+00
    19.2551    0.00028      0.028 189.697025  0.000e+00
    19.2356    0.00028      0.028 189.697083  0.000e+00
    19.2118    0.00977      0.025 189.697141  0.000e+00
    19.2090    0.00793      0.028 189.697199  0.000e+00
    19.1971    0.00039      0.025 189.697257  0.000e+00
    19.1882    0.00039      0.025 189.697315  0.000e+00
    19.1621    0.00037      0.028 189.697373  0.000e+00
    19.1720    0.00036      0.026 189.697431  0.000e+00
    19.1681    0.00036      0.026 189.697488  0.000e+00
    19.1691    0.00035      0.026 189.697546  0.000e+00
    19.1615    0.00035      0.025 189.697604  0.000e+00
    19.1530    0.00035      0.026 189.697662  0.000e+00
    19.1332    0.00035      0.023 189.697720  0.000e+00
    19.1097    0.00035      0.026 189.697778  0.000e+00
    19.0729    0.00034      0.025 189.697836  0.000e+00
    19.0808    0.00034      0.025 189.697894  0.000e+00
    19.1087    0.00034      0.025 189.697951  0.000e+00
    19.1230    0.00034      0.026 189.698009  0.000e+00
    19.1631    0.00034      0.028 189.698067  0.000e+00
    19.1879    0.00034      0.025 189.698125  0.000e+00
    19.1882    0.00033      0.025 189.698183  0.000e+00
    19.1887    0.00033      0.026 189.698241  0.000e+00
    19.2110    0.00033      0.025 189.698299  0.000e+00
    19.2024    0.00033      0.025 189.698356  0.000e+00
    19.1840    0.00033      0.023 189.698414  0.000e+00
    19.1844    0.00033      0.025 189.698472  0.000e+00
    19.1891    0.00033      0.026 189.698530  0.000e+00
    19.1872    0.00033      0.023 189.698588  0.000e+00
    19.1767    0.00032      0.025 189.698646  0.000e+00
    19.1649    0.00033      0.021 189.698704  0.000e+00
    19.1638    0.00032      0.023 189.698762  0.000e+00
    19.1600    0.00032      0.021 189.698819  0.000e+00
    19.1579    0.00032      0.025 189.698877  0.000e+00
    19.1515    0.00032      0.025 189.698935  0.000e+00
    19.1524    0.00031      0.019 189.698993  0.000e+00
    19.1736    0.00031      0.021 189.699051  0.000e+00
    19.1823    0.00031      0.021 189.699109  0.000e+00
    19.1906    0.00031      0.021 189.699167  0.000e+00
    19.1690    0.00031      0.023 189.699225  0.000e+00
    19.1626    0.00031      0.023 189.699282  0.000e+00
    19.1574    0.00031      0.021 189.699340  0.000e+00
    19.1801    0.00031      0.019 189.699398  0.000e+00
    19.1975    0.00031      0.021 189.699456  0.000e+00
    19.2171    0.00030      0.025 189.699514  0.000e+00
    19.2323    0.00030      0.023 189.699572  0.000e+00
    19.2392    0.00030      0.021 189.699630  0.000e+00
    19.2569    0.00030      0.021 189.699687  0.000e+00
    19.2662    0.00030      0.021 189.699745  0.000e+00
    19.2938    0.00029      0.021 189.699803  0.000e+00
    19.3188    0.00029      0.023 189.699861  0.000e+00
    19.3159    0.00029      0.023 189.699919  0.000e+00
    19.3161    0.00029      0.021 189.699977  0.000e+00
    19.3323    0.00029      0.021 189.700035  0.000e+00
    19.3246    0.00029      0.017 189.700093  0.000e+00
    19.3253    0.00029      0.021 189.700150  0.000e+00
    19.3316    0.00029      0.017 189.700208  0.000e+00
    19.3232    0.00029      0.019 189.700266  0.000e+00
    19.3254    0.00029      0.017 189.700324  0.000e+00
    19.3251    0.00029      0.017 189.700382  0.000e+00
    19.3138    0.00029      0.016 189.700440  0.000e+00
    19.3463    0.00029      0.017 189.700498  0.000e+00
    19.3577    0.00029      0.017 189.700556  0.000e+00
    19.4225    0.00029      0.023 189.700613  0.000e+00
    19.5059    0.00028      0.017 189.700671  0.000e+00
    19.6016    0.00029      0.016 189.700729  0.000e+00
    19.6003    0.00029      0.021 189.700787  0.000e+00
    19.6764    0.00028      0.019 189.700845  0.000e+00
    19.7323    0.00028      0.017 189.700903  0.000e+00
    19.7773    0.00028      0.017 189.700961  0.000e+00
    19.7403    0.00028      0.021 189.701019  0.000e+00
    19.6548    0.00028      0.017 189.701076  0.000e+00
    19.6228    0.00028      0.019 189.701134  0.000e+00
    19.6185    0.00028      0.016 189.701192  0.000e+00
    19.6176    0.00028      0.017 189.701250  0.000e+00
    19.6258    0.00028      0.017 189.701308  0.000e+00
    19.6258    0.00028      0.019 189.701366  0.000e+00
    19.6310    0.00028      0.019 189.701424  0.000e+00
    19.6430    0.00028      0.019 189.701481  0.000e+00
    19.6756    0.00028      0.017 189.701539  0.000e+00
    19.7009    0.00028      0.016 189.701597  0.000e+00
    19.7161    0.00028      0.017 189.701655  0.000e+00
    19.7427    0.00028      0.017 189.701713  0.000e+00
    19.7005    0.00027      0.016 189.701771  0.000e+00
    19.6524    0.00027      0.016 189.701829  0.000e+00
    19.6115    0.00027      0.017 189.701887  0.000e+00
    19.5948    0.00027      0.017 189.701944  0.000e+00
    19.6108    0.00027      0.017 189.702002  0.000e+00
    19.6292    0.00027      0.017 189.702060  0.000e+00
    19.6679    0.00027      0.017 189.702118  0.000e+00
    19.6971    0.00027      0.017 189.702176  0.000e+00
    19.6959    0.00027      0.017 189.702234  0.000e+00
    19.6816    0.00027      0.017 189.702292  0.000e+00
    19.6590    0.00027      0.019 189.702350  0.000e+00
    19.6564    0.00027      0.017 189.702407  0.000e+00
    19.6484    0.00026      0.017 189.702465  0.000e+00
    19.6388    0.00027      0.017 189.702523  0.000e+00
    19.6354    0.00027      0.019 189.702581  0.000e+00
    19.6321    0.00027      0.019 189.702639  0.000e+00
    19.6490    0.00027      0.021 189.702697  0.000e+00
    19.6861    0.00027      0.019 189.702755  0.000e+00
    19.6817    0.00027      0.019 189.702812  0.000e+00
    19.6800    0.00027      0.021 189.702870  0.000e+00
    19.6929    0.00027      0.019 189.702928  0.000e+00
    19.6809    0.00026      0.017 189.702986  0.000e+00
    19.7085    0.00026      0.019 189.703044  0.000e+00
    19.7398    0.00026      0.021 189.703102  0.000e+00
    19.7317    0.00026      0.021 189.703160  0.000e+00
    19.7196    0.00026      0.021 189.703218  0.000e+00
    19.6973    0.00027      0.019 189.703275  0.000e+00
    19.6712    0.00027      0.021 189.703333  0.000e+00
    19.6518    0.00027      0.021 189.703391  0.000e+00
    19.6533    0.00026      0.021 189.703449  0.000e+00
    19.6770    0.00026      0.021 189.703507  0.000e+00
    19.6617    0.00027      0.021 189.703565  0.000e+00
    19.6649    0.00027      0.021 189.703623  0.000e+00
    19.6750    0.00027      0.023 189.703681  0.000e+00
    19.6483    0.00027      0.026 189.703738  0.000e+00
    19.6223    0.00027      0.017 189.703796  0.000e+00
    19.5593    0.00028      0.016 189.703854  0.000e+00
    19.6527    0.02574      0.028 189.703912  0.000e+00
    21.3145    2.24369      0.246 189.703970  0.000e+00
    21.3529    2.24178      0.354 189.704028  0.000e+00
    21.3484    2.24107      0.393 189.704086  0.000e+00
    21.3519    2.23335      0.517 189.704144  0.000e+00
    21.3495    2.23536      0.332 189.704201  0.000e+00
    21.3465    2.23135      0.341 189.704259  0.000e+00
    21.3470    2.23952      0.377 189.704317  0.000e+00
    21.3504    2.24001      0.490 189.704375  0.000e+00
    21.3515    2.23974      0.402 189.704433  0.000e+00
    21.3506    2.24277      0.498 189.704491  0.000e+00
    21.3511    2.24600      0.336 189.704549  0.000e+00
    21.3446    2.24536      0.463 189.704606  0.000e+00
    21.3431    2.24802      0.442 189.704664  0.000e+00
    21.3442    2.24929      0.487 189.704722  0.000e+00
    21.3471    2.24976      0.440 189.704780  0.000e+00
    21.3489    2.24936      0.437 189.704838  0.000e+00
    21.3431    1.70035      0.035 189.704896  0.000e+00
    19.9326    0.07063      0.035 189.704954  0.000e+00
    19.4840    0.03074      0.025 189.705012  0.000e+00
    19.5087    0.00036      0.019 189.705069  0.000e+00
    19.5952    0.00030      0.026 189.705127  0.000e+00
    19.5795    0.00030      0.025 189.705185  0.000e+00
    19.5641    0.00029      0.026 189.705243  0.000e+00
    19.5230    0.00029      0.025 189.705301  0.000e+00
    19.5352    0.00028      0.025 189.705359  0.000e+00
    19.5537    0.00027      0.025 189.705417  0.000e+00
    19.5863    0.00027      0.026 189.705475  0.000e+00
    19.5571    0.00027      0.023 189.705532  0.000e+00
    19.5608    0.00027      0.025 189.705590  0.000e+00
    19.5634    0.00027      0.025 189.705648  0.000e+00
    19.5601    0.00026      0.025 189.705706  0.000e+00
    19.4921    0.00025      0.021 189.705764  0.000e+00
    19.5058    0.00025      0.021 189.705822  0.000e+00
    19.5019    0.00025      0.023 189.705880  0.000e+00
    19.5972    0.00028      0.025 189.705938  0.000e+00
    19.6630    0.00028      0.019 189.705995  0.000e+00
    19.6506    0.00028      0.023 189.706053  0.000e+00
    19.5729    0.00028      0.021 189.706111  0.000e+00
    19.5551    0.00028      0.025 189.706169  0.000e+00
    19.5722    0.00029      0.025 189.706227  0.000e+00
    19.6007    0.00027      0.025 189.706285  0.000e+00
    19.5386    0.00028      0.023 189.706343  0.000e+00
    19.5730    0.00028      0.026 189.706400  0.000e+00
    19.5868    0.00028      0.025 189.706458  0.000e+00
    19.6040    0.00028      0.028 189.706516  0.000e+00
    19.6132    0.00028      0.023 189.706574  0.000e+00
    19.6764    0.00028      0.025 189.706632  0.000e+00
    19.6810    0.00028      0.028 189.706690  0.000e+00
    19.6807    0.00027      0.026 189.706748  0.000e+00
    19.7114    0.00026      0.030 189.706806  0.000e+00
    19.6897    0.00026      0.032 189.706863  0.000e+00
    19.6363    0.00027      0.023 189.706921  0.000e+00
    19.6659    0.00027      0.030 189.706979  0.000e+00
    19.7464    0.00027      0.032 189.707037  0.000e+00
    19.8453    0.00027      0.030 189.707095  0.000e+00
    19.8396    0.00028      0.025 189.707153  0.000e+00
    19.8253    0.00028      0.026 189.707211  0.000e+00
    19.7833    0.00028      0.030 189.707269  0.000e+00
    19.6914    0.00028      0.026 189.707326  0.000e+00
    19.5996    0.00029      0.028 189.707384  0.000e+00
    19.5060    0.00029      0.023 189.707442  0.000e+00
    19.5151    0.00029      0.032 189.707500  0.000e+00
    19.4887    0.00030      0.028 189.707558  0.000e+00
    19.4368    0.00030      0.032 189.707616  0.000e+00
    19.4759    0.00030      0.030 189.707674  0.000e+00
    19.5171    0.00030      0.034 189.707731  0.000e+00
    19.5862    0.00030      0.028 189.707789  0.000e+00
    19.6294    0.00030      0.032 189.707847  0.000e+00
    19.6210    0.00060      0.028 189.707905  0.000e+00
    19.6676    0.00219      0.030 189.707963  0.000e+00
    19.6506    0.00036      0.034 189.708021  0.000e+00
    19.6026    0.00035      0.035 189.708079  0.000e+00
    19.5810    0.00035      0.034 189.708137  0.000e+00
    19.5625    0.00035      0.037 189.708194  0.000e+00
    19.6552    0.00035      0.034 189.708252  0.000e+00
    19.7173    0.00034      0.030 189.708310  0.000e+00
    19.7157    0.00034      0.032 189.708368  0.000e+00
    19.7915    0.00034      0.035 189.708426  0.000e+00
    19.7616    0.00034      0.025 189.708484  0.000e+00
    19.7244    0.00035      0.037 189.708542  0.000e+00
    19.7367    0.00034      0.035 189.708600  0.000e+00
    19.7435    0.00034      0.037 189.708657  0.000e+00
    19.7146    0.00034      0.035 189.708715  0.000e+00
    19.7165    0.00043      0.023 189.708773  0.000e+00
    19.6877    0.00050      0.032 189.708831  0.000e+00
    19.6685    0.00035      0.035 189.708889  0.000e+00
    19.7260    0.00036      0.039 189.708947  0.000e+00
    19.7610    0.00093      0.025 189.709005  0.000e+00
    19.7614    0.05643      0.035 189.709062  0.000e+00
    19.7595    0.02465      0.044 189.709120  0.000e+00
    19.6603    0.00082      0.039 189.709178  0.000e+00
    19.5993    0.00035      0.041 189.709236  0.000e+00
    19.6752    0.00037      0.032 189.709294  0.000e+00
    19.6440    0.00033      0.039 189.709352  0.000e+00
    19.6520    0.00034      0.035 189.709410  0.000e+00
    19.6482    0.00034      0.041 189.709468  0.000e+00
    19.6020    0.00034      0.037 189.709525  0.000e+00
    19.5714    0.00034      0.046 189.709583  0.000e+00
