data/ctd_processed/stations_27-05-2017_processed.cnv
* Sea-Bird SBE37 Data File:
* FileName = C:\Documents and Settings\Usuário(a)\Desktop\Prof.Arnaldo\CTD_LAGOA_05_2017\27-05-201.asc
* Software Version 1.59
* Temperature SN = 2603
* Conductivity SN = 2603
* System UpLoad Time = May 27 2017 22:06:27
** Dados Lagoa de Santo Antonio
** 27-05-2017
# nquan = 9                                 
# nvalues = 3132                        
# units = metric
# name 0 = t090: temperature, ITS-90 [deg C]
# name 1 = c0S/m: conductivity [S/m]
# name 2 = pr: pressure [db]
# name 3 = timeJ: time [julian days]
# name 4 = potemp090C: Potential Temperature [ITS-90, deg C]
# name 5 = sal00: Salinity, Practical [PSU]
# name 6 = depSM: Depth [salt water, m], lat = 28.48
# name 7 = sigma-t00: Density [sigma-t, kg/m^3 ]
# name 8 = flag: flag
# span 0 =    17.8249,    22.2522       
# span 1 =   0.000030,   4.919240       
# span 2 =     -0.022,      8.927       
# span 3 =  17.593715,  17.775000       
# span 4 =    17.8249,    22.2521       
# span 5 =     0.0090,    35.6720       
# span 6 =     -0.022,      8.867       
# span 7 =    -2.0100,    25.1574       
# span 8 = 0.0000e+00, 0.0000e+00       
# interval = seconds: 5
# start_time = Jan 17 2017 14:14:57
# bad_flag = -9.990e-29
*END*
[from data line 1121]
    18.9688   0.000080     -0.001  17.658681    18.9688     0.0095     -0.001    -1.5802 0.0000e+00
    18.9764   0.000080     -0.001  17.658738    18.9764     0.0095     -0.001    -1.5816 0.0000e+00
    18.9833   0.000080     -0.002  17.658796    18.9833     0.0095     -0.002    -1.5830 0.0000e+00
    18.9667   0.000080     -0.001  17.658854    18.9667     0.0095     -0.001    -1.5797 0.0000e+00
    18.9615   0.000070     -0.001  17.658912    18.9615     0.0095     -0.001    -1.5787 0.0000e+00
    18.9751   0.000080     -0.001  17.658970    18.9751     0.0095     -0.001    -1.5814 0.0000e+00
    19.0317   0.000080     -0.001  17.659028    19.0317     0.0095     -0.001    -1.5925 0.0000e+00
    19.0222   0.000080     -0.001  17.659086    19.0222     0.0095     -0.001    -1.5906 0.0000e+00
    18.9930   0.000070     -0.001  17.659144    18.9930     0.0095     -0.001    -1.5849 0.0000e+00
    18.9890   0.000080     -0.001  17.659201    18.9890     0.0095     -0.001    -1.5841 0.0000e+00
    18.9729   0.000080     -0.001  17.659259    18.9729     0.0095     -0.001    -1.5810 0.0000e+00
    19.0002   0.000070     -0.001  17.659317    19.0002     0.0095     -0.001    -1.5863 0.0000e+00
    19.0486   0.000080     -0.001  17.659375    19.0486     0.0095     -0.001    -1.5958 0.0000e+00
    19.0683   0.000070     -0.001  17.659433    19.0683     0.0096     -0.001    -1.5996 0.0000e+00
    19.0108   0.000080      0.001  17.659491    19.0108     0.0095      0.001    -1.5884 0.0000e+00
    18.9365   0.000080      0.001  17.659549    18.9365     0.0095      0.001    -1.5739 0.0000e+00
    18.8949   0.000080      0.001  17.659606    18.8949     0.0095      0.001    -1.5658 0.0000e+00
    18.8638   0.000080     -0.001  17.659664    18.8638     0.0095     -0.001    -1.5597 0.0000e+00
    18.7731   0.000080      0.001  17.659722    18.7731     0.0094      0.001    -1.5422 0.0000e+00
    18.6462   0.000080      0.008  17.659780    18.6462     0.0094      0.008    -1.5178 0.0000e+00
    18.5340   0.000080      0.007  17.659838    18.5340     0.0093      0.007    -1.4963 0.0000e+00
    18.4149   0.000080      0.008  17.659896    18.4149     0.0093      0.008    -1.4737 0.0000e+00
    18.3612   0.000080      0.008  17.659954    18.3612     0.0093      0.008    -1.4636 0.0000e+00
    18.3146   0.000080      0.007  17.660012    18.3146     0.0092      0.007    -1.4548 0.0000e+00
    18.2553   0.000080      0.008  17.660069    18.2553     0.0092      0.008    -1.4437 0.0000e+00
    18.2325   0.000080      0.008  17.660127    18.2325     0.0092      0.008    -1.4394 0.0000e+00
    18.2036   0.000080      0.008  17.660185    18.2036     0.0092      0.008    -1.4340 0.0000e+00
    18.1798   0.000080      0.008  17.660243    18.1798     0.0092      0.008    -1.4296 0.0000e+00
    18.1365   0.000080      0.008  17.660301    18.1365     0.0092      0.008    -1.4215 0.0000e+00
    18.1406   0.000080      0.007  17.660359    18.1406     0.0092      0.007    -1.4223 0.0000e+00
    18.1570   0.000080      0.003  17.660417    18.1570     0.0092      0.003    -1.4253 0.0000e+00
    18.1476   0.000080      0.007  17.660475    18.1476     0.0092      0.007    -1.4236 0.0000e+00
    18.0580   0.000080      0.005  17.660532    18.0580     0.0091      0.005    -1.4069 0.0000e+00
    18.0583   0.000080      0.005  17.660590    18.0583     0.0091      0.005    -1.4070 0.0000e+00
    18.0837   0.000080      0.005  17.660648    18.0837     0.0091      0.005    -1.4117 0.0000e+00
    18.0676   0.000080      0.003  17.660706    18.0676     0.0091      0.003    -1.4087 0.0000e+00
    18.0607   0.000080      0.005  17.660764    18.0607     0.0091      0.005    -1.4074 0.0000e+00
    18.1051   0.000080      0.005  17.660822    18.1051     0.0091      0.005    -1.4157 0.0000e+00
    18.1050   0.000080      0.005  17.660880    18.1050     0.0091      0.005    -1.4156 0.0000e+00
    18.0835   0.000080      0.005  17.660937    18.0835     0.0091      0.005    -1.4117 0.0000e+00
    18.1010   0.000080      0.005  17.660995    18.1010     0.0091      0.005    -1.4149 0.0000e+00
    18.1010   0.000080      0.005  17.661053    18.1010     0.0091      0.005    -1.4149 0.0000e+00
    18.1013   0.000080      0.005  17.661111    18.1013     0.0091      0.005    -1.4150 0.0000e+00
    18.1434   0.000080      0.005  17.661169    18.1434     0.0092      0.005    -1.4228 0.0000e+00
    18.1491   0.000090      0.005  17.661227    18.1491     0.0092      0.005    -1.4238 0.0000e+00
    18.1579   0.000080      0.007  17.661285    18.1579     0.0092      0.007    -1.4255 0.0000e+00
    18.1442   0.000090      0.007  17.661343    18.1442     0.0092      0.007    -1.4229 0.0000e+00
    18.1520   0.000080      0.007  17.661400    18.1520     0.0092      0.007    -1.4244 0.0000e+00
    18.1805   0.000080      0.007  17.661458    18.1805     0.0092      0.007    -1.4297 0.0000e+00
    18.1495   0.000090      0.008  17.661516    18.1495     0.0092      0.008    -1.4239 0.0000e+00
    18.1129   0.000090      0.007  17.661574    18.1129     0.0092      0.007    -1.4171 0.0000e+00
    18.1162   0.000080      0.010  17.661632    18.1162     0.0092      0.010    -1.4177 0.0000e+00
    18.1197   0.000080      0.007  17.661690    18.1197     0.0092      0.007    -1.4184 0.0000e+00
    18.1331   0.000090      0.007  17.661748    18.1331     0.0092      0.007    -1.4209 0.0000e+00
    18.1164   0.000080      0.008  17.661806    18.1164     0.0092      0.008    -1.4178 0.0000e+00
    18.1291   0.000090      0.005  17.661863    18.1291     0.0092      0.005    -1.4201 0.0000e+00
    18.1272   0.000080      0.008  17.661921    18.1272     0.0092      0.008    -1.4198 0.0000e+00
    18.1133   0.000080      0.007  17.661979    18.1133     0.0092      0.007    -1.4172 0.0000e+00
    18.1633   0.000080      0.008  17.662037    18.1633     0.0092      0.008    -1.4265 0.0000e+00
    18.1589   0.000090      0.008  17.662095    18.1589     0.0092      0.008    -1.4257 0.0000e+00
    18.1159   0.000090      0.008  17.662153    18.1159     0.0092      0.008    -1.4177 0.0000e+00
    18.0736   0.000090      0.008  17.662211    18.0736     0.0091      0.008    -1.4098 0.0000e+00
    18.0551   0.000080      0.008  17.662269    18.0551     0.0091      0.008    -1.4064 0.0000e+00
    18.0763   0.000090      0.008  17.662326    18.0763     0.0091      0.008    -1.4103 0.0000e+00
    18.1761   0.000080      0.014  17.662384    18.1761     0.0092      0.014    -1.4289 0.0000e+00
    18.1364   0.000080      0.003  17.662442    18.1364     0.0092      0.003    -1.4215 0.0000e+00
    18.2024   1.304940      0.012  17.662500    18.2024     8.7616      0.012     5.2369 0.0000e+00
    20.6248   3.979900      0.154  17.662558    20.6248    28.0288      0.153    19.2939 0.0000e+00
    20.6229   4.068510      0.152  17.662616    20.6229    28.7252      0.151    19.8231 0.0000e+00
    20.6180   4.137820      0.287  17.662674    20.6179    29.2739      0.285    20.2412 0.0000e+00
    20.6220   4.127690      0.381  17.662731    20.6219    29.1914      0.378    20.1774 0.0000e+00
    20.6202   4.160300      0.429  17.662789    20.6201    29.4496      0.426    20.3741 0.0000e+00
    20.6214   4.174780      0.481  17.662847    20.6213    29.5630      0.478    20.4599 0.0000e+00
    20.6216   4.187280      0.868  17.662905    20.6214    29.6614      0.862    20.5346 0.0000e+00
    20.6225   4.179980      0.555  17.662963    20.6224    29.6032      0.551    20.4902 0.0000e+00
    20.6216   4.175660      0.501  17.663021    20.6215    29.5698      0.498    20.4650 0.0000e+00
    20.6208   4.179570      0.609  17.663079    20.6207    29.6012      0.605    20.4891 0.0000e+00
    20.6203   4.181170      0.278  17.663137    20.6202    29.6142      0.276    20.4991 0.0000e+00
    20.6177   4.179700      0.070  17.663194    20.6177    29.6045      0.070    20.4924 0.0000e+00
    20.5909   1.120950      0.019  17.663252    20.5909     7.0261      0.019     3.4100 0.0000e+00
    19.7512   0.052090      0.023  17.663310    19.7512     0.2822      0.023    -1.5276 0.0000e+00
    19.1774   0.000070      0.012  17.663368    19.1774     0.0096      0.012    -1.6211 0.0000e+00
    18.6903   0.000070      0.008  17.663426    18.6903     0.0094      0.008    -1.5262 0.0000e+00
    18.5372   0.000070      0.010  17.663484    18.5372     0.0093      0.010    -1.4969 0.0000e+00
    18.4227   0.000070      0.008  17.663542    18.4227     0.0093      0.008    -1.4752 0.0000e+00
    18.3722   0.000070      0.008  17.663600    18.3722     0.0093      0.008    -1.4657 0.0000e+00
    18.3589   0.000070      0.008  17.663657    18.3589     0.0093      0.008    -1.4632 0.0000e+00
    18.3206   0.000070      0.008  17.663715    18.3206     0.0092      0.008    -1.4559 0.0000e+00
    18.3001   0.000070      0.007  17.663773    18.3001     0.0092      0.007    -1.4521 0.0000e+00
    18.4480   0.000070      0.007  17.663831    18.4480     0.0093      0.007    -1.4800 0.0000e+00
    18.5248   0.000070      0.005  17.663889    18.5248     0.0093      0.005    -1.4946 0.0000e+00
    18.5411   0.000070      0.007  17.663947    18.5411     0.0093      0.007    -1.4977 0.0000e+00
    18.5407   0.000070      0.005  17.664005    18.5407     0.0093      0.005    -1.4976 0.0000e+00
    18.5092   0.000070      0.005  17.664063    18.5092     0.0093      0.005    -1.4916 0.0000e+00
    18.4874   0.000070      0.005  17.664120    18.4874     0.0093      0.005    -1.4875 0.0000e+00
    18.5082   0.000070      0.005  17.664178    18.5082     0.0093      0.005    -1.4914 0.0000e+00
    18.5732   0.000070      0.005  17.664236    18.5732     0.0093      0.005    -1.5038 0.0000e+00
    18.5722   0.000070      0.005  17.664294    18.5722     0.0093      0.005    -1.5036 0.0000e+00
    18.5783   0.000070      0.005  17.664352    18.5783     0.0093      0.005    -1.5048 0.0000e+00
    18.5953   0.000070      0.003  17.664410    18.5953     0.0094      0.003    -1.5080 0.0000e+00
    18.5434   0.000070      0.005  17.664468    18.5434     0.0093      0.005    -1.4981 0.0000e+00
    18.4849   0.000070      0.005  17.664525    18.4849     0.0093      0.005    -1.4870 0.0000e+00
    18.4753   0.000070      0.005  17.664583    18.4753     0.0093      0.005    -1.4852 0.0000e+00
    18.5423   0.000070      0.005  17.664641    18.5423     0.0093      0.005    -1.4979 0.0000e+00
    18.6401   0.000070      0.005  17.664699    18.6401     0.0094      0.005    -1.5166 0.0000e+00
    18.6869   0.000070      0.005  17.664757    18.6869     0.0094      0.005    -1.5256 0.0000e+00
    18.5614   0.000070      0.005  17.664815    18.5614     0.0093      0.005    -1.5016 0.0000e+00
    18.4937   0.000070      0.003  17.664873    18.4937     0.0093      0.003    -1.4887 0.0000e+00
    18.3977   0.000070      0.003  17.664931    18.3977     0.0093      0.003    -1.4705 0.0000e+00
    18.3324   0.000070      0.005  17.664988    18.3324     0.0092      0.005    -1.4582 0.0000e+00
    18.2803   0.000070      0.003  17.665046    18.2803     0.0092      0.003    -1.4484 0.0000e+00
    18.2867   0.000070      0.007  17.665104    18.2867     0.0092      0.007    -1.4496 0.0000e+00
    18.3268   0.000070      0.005  17.665162    18.3268     0.0092      0.005    -1.4571 0.0000e+00
    18.3170   0.000070      0.005  17.665220    18.3170     0.0092      0.005    -1.4553 0.0000e+00
    18.3595   0.000070      0.005  17.665278    18.3595     0.0093      0.005    -1.4633 0.0000e+00
    18.3348   0.000070      0.007  17.665336    18.3348     0.0092      0.007    -1.4586 0.0000e+00
    18.3839   0.000070      0.008  17.665394    18.3839     0.0093      0.008    -1.4679 0.0000e+00
    18.3566   0.000070      0.008  17.665451    18.3566     0.0093      0.008    -1.4627 0.0000e+00
    18.3555   0.000070      0.010  17.665509    18.3555     0.0093      0.010    -1.4625 0.0000e+00
    18.3477   0.000070      0.008  17.665567    18.3477     0.0092      0.008    -1.4610 0.0000e+00
    18.3736   0.000070      0.008  17.665625    18.3736     0.0093      0.008    -1.4659 0.0000e+00
    18.3955   0.000070      0.007  17.665683    18.3955     0.0093      0.007    -1.4701 0.0000e+00
    18.3803   0.000070      0.010  17.665741    18.3803     0.0093      0.010    -1.4672 0.0000e+00
    18.3788   0.000070      0.008  17.665799    18.3788     0.0093      0.008    -1.4669 0.0000e+00
    18.4275   0.000070      0.008  17.665856    18.4275     0.0093      0.008    -1.4761 0.0000e+00
    18.4344   0.000070      0.008  17.665914    18.4344     0.0093      0.008    -1.4774 0.0000e+00
    18.4418   0.000070      0.008  17.665972    18.4418     0.0093      0.008    -1.4788 0.0000e+00
    18.4439   0.000070      0.010  17.666030    18.4439     0.0093      0.010    -1.4792 0.0000e+00
    18.4775   0.000070      0.008  17.666088    18.4775     0.0093      0.008    -1.4856 0.0000e+00
    18.4591   0.000070      0.010  17.666146    18.4591     0.0093      0.010    -1.4821 0.0000e+00
    18.4065   0.000070      0.012  17.666204    18.4065     0.0093      0.012    -1.4721 0.0000e+00
    18.4479   0.000070      0.014  17.666262    18.4479     0.0093      0.014    -1.4800 0.0000e+00
    18.4980   0.000070      0.012  17.666319    18.4980     0.0093      0.012    -1.4895 0.0000e+00
    18.5179   0.000070      0.016  17.666377    18.5179     0.0093      0.016    -1.4933 0.0000e+00
    18.4579   0.000070      0.007  17.666435    18.4579     0.0093      0.007    -1.4819 0.0000e+00
    18.4245   0.000070      0.008  17.666493    18.4245     0.0093      0.008    -1.4756 0.0000e+00
    18.4693   0.006960      0.014  17.666551    18.4693     0.0412      0.014    -1.4595 0.0000e+00
    20.5458   4.194540      0.082  17.666609    20.5458    29.7720      0.081    20.6384 0.0000e+00
    20.5499   4.194610      0.181  17.666667    20.5499    29.7696      0.180    20.6355 0.0000e+00
    20.5516   4.191080      0.246  17.666725    20.5516    29.7405      0.244    20.6129 0.0000e+00
    20.5472   4.194670      0.276  17.666782    20.5471    29.7719      0.274    20.6380 0.0000e+00
    20.5484   4.200810      0.169  17.666840    20.5484    29.8197      0.168    20.6740 0.0000e+00
    20.5487   4.204670      0.271  17.666898    20.5487    29.8500      0.269    20.6969 0.0000e+00
    20.5418   4.210230      0.323  17.666956    20.5417    29.8989      0.321    20.7358 0.0000e+00
    20.5440   4.214030      0.410  17.667014    20.5439    29.9274      0.407    20.7569 0.0000e+00
    20.5368   4.223790      0.485  17.667072    20.5367    30.0097      0.482    20.8214 0.0000e+00
    20.5347   4.236570      0.489  17.667130    20.5346    30.1125      0.486    20.9000 0.0000e+00
    20.5378   4.237890      0.321  17.667188    20.5377    30.1208      0.319    20.9056 0.0000e+00
    20.5369   4.242750      0.582  17.667245    20.5368    30.1599      0.578    20.9355 0.0000e+00
    20.5391   4.238160      0.214  17.667303    20.5391    30.1220      0.213    20.9062 0.0000e+00
    20.5496   4.234580      0.125  17.667361    20.5496    30.0863      0.124    20.8762 0.0000e+00
    19.9603   0.106560     -0.001  17.667419    19.9603     0.5886     -0.001    -1.3365 0.0000e+00
    19.2888   0.000070      0.014  17.667477    19.2888     0.0096      0.014    -1.6431 0.0000e+00
    19.2574   0.000070      0.012  17.667535    19.2574     0.0096      0.012    -1.6369 0.0000e+00
    18.9363   0.000070      0.005  17.667593    18.9363     0.0095      0.005    -1.5738 0.0000e+00
    18.9930   0.000070      0.005  17.667650    18.9930     0.0095      0.005    -1.5849 0.0000e+00
    19.0698   0.000070      0.005  17.667708    19.0698     0.0096      0.005    -1.5999 0.0000e+00
    19.0388   0.000080      0.005  17.667766    19.0388     0.0095      0.005    -1.5938 0.0000e+00
    18.9988   0.000070      0.003  17.667824    18.9988     0.0095      0.003    -1.5860 0.0000e+00
