data/ctd_processed/stations_27-05-2017_processed.cnv
* Sea-Bird SBE37 Data File:
* FileName = C:\Documents and Settings\Usuário(a)\Desktop\Prof.Arnaldo\CTD_LAGOA_05_2017\27-05-201.asc
* Software Version 1.59
* Temperature SN = 2603
* Conductivity SN = 2603
* System UpLoad Time = May 27 2017 22:06:27
** Dados Lagoa de Santo Antonio
** 27-05-2017
# nquan = 9                                 
# nvalues = 3132                        
# units = metric
# name 0 = t090: temperature, ITS-90 [deg C]
# name 1 = c0S/m: conductivity [S/m]
# name 2 = pr: pressure [db]
# name 3 = timeJ: time [julian days]
# name 4 = potemp090C: Potential Temperature [ITS-90, deg C]
# name 5 = sal00: Salinity, Practical [PSU]
# name 6 = depSM: Depth [salt water, m], lat = 28.48
# name 7 = sigma-t00: Density [sigma-t, kg/m^3 ]
# name 8 = flag: flag
# span 0 =    17.8249,    22.2522       
# span 1 =   0.000030,   4.919240       
# span 2 =     -0.022,      8.927       
# span 3 =  17.593715,  17.775000       
# span 4 =    17.8249,    22.2521       
# span 5 =     0.0090,    35.6720       
# span 6 =     -0.022,      8.867       
# span 7 =    -2.0100,    25.1574       
# span 8 = 0.0000e+00, 0.0000e+00       
# interval = seconds: 5
# start_time = Jan 17 2017 14:14:57
# bad_flag = -9.990e-29
*END*
[from data line 2081]
    18.6152   0.000080      0.007  17.714236    18.6152     0.0094      0.007    -1.5118 0.0000e+00
    18.5981   0.000090      0.008  17.714294    18.5981     0.0094      0.008    -1.5086 0.0000e+00
    18.5633   0.000080      0.008  17.714352    18.5633     0.0093      0.008    -1.5019 0.0000e+00
    18.5748   0.000080      0.008  17.714410    18.5748     0.0093      0.008    -1.5041 0.0000e+00
    18.5235   0.000080      0.008  17.714468    18.5235     0.0093      0.008    -1.4943 0.0000e+00
    18.4805   0.000080      0.007  17.714525    18.4805     0.0093      0.007    -1.4862 0.0000e+00
    18.4615   0.000080      0.010  17.714583    18.4615     0.0093      0.010    -1.4826 0.0000e+00
    18.4440   0.000080      0.012  17.714641    18.4440     0.0093      0.012    -1.4792 0.0000e+00
    18.4341   0.000080      0.012  17.714699    18.4341     0.0093      0.012    -1.4774 0.0000e+00
    18.4443   0.000080      0.010  17.714757    18.4443     0.0093      0.010    -1.4793 0.0000e+00
    18.3745   0.000080      0.010  17.714815    18.3745     0.0093      0.010    -1.4661 0.0000e+00
    18.3905   0.000080      0.014  17.714873    18.3905     0.0093      0.014    -1.4691 0.0000e+00
    18.3650   0.000080      0.010  17.714931    18.3650     0.0093      0.010    -1.4643 0.0000e+00
    18.3886   0.000080      0.008  17.714988    18.3886     0.0093      0.008    -1.4688 0.0000e+00
    18.3874   0.000080      0.014  17.715046    18.3874     0.0093      0.014    -1.4685 0.0000e+00
    18.3598   0.000080      0.023  17.715104    18.3598     0.0093      0.023    -1.4633 0.0000e+00
    18.3169   0.000080      0.017  17.715162    18.3169     0.0092      0.017    -1.4552 0.0000e+00
    18.3734   0.000080      0.017  17.715220    18.3734     0.0093      0.017    -1.4659 0.0000e+00
    18.3723   0.000080      0.019  17.715278    18.3723     0.0093      0.019    -1.4657 0.0000e+00
    18.4236   0.000070      0.017  17.715336    18.4236     0.0093      0.017    -1.4754 0.0000e+00
    18.4053   0.000080      0.021  17.715394    18.4053     0.0093      0.021    -1.4719 0.0000e+00
    18.4086   0.000080      0.016  17.715451    18.4086     0.0093      0.016    -1.4725 0.0000e+00
    18.3206   0.000080      0.021  17.715509    18.3206     0.0092      0.021    -1.4559 0.0000e+00
    18.1617   0.000080      0.019  17.715567    18.1617     0.0092      0.019    -1.4262 0.0000e+00
    18.1692   0.000080      0.019  17.715625    18.1692     0.0092      0.019    -1.4276 0.0000e+00
    18.2212   0.000080      0.021  17.715683    18.2212     0.0092      0.021    -1.4373 0.0000e+00
    18.1212   0.000080      0.010  17.715741    18.1212     0.0092      0.010    -1.4187 0.0000e+00
    18.2244   0.000080      0.012  17.715799    18.2244     0.0092      0.012    -1.4379 0.0000e+00
    18.1646   0.000080      0.012  17.715856    18.1646     0.0092      0.012    -1.4267 0.0000e+00
    18.1620   0.000080      0.010  17.715914    18.1620     0.0092      0.010    -1.4262 0.0000e+00
    18.2167   0.000080      0.010  17.715972    18.2167     0.0092      0.010    -1.4365 0.0000e+00
    18.2557   0.000080      0.010  17.716030    18.2557     0.0092      0.010    -1.4438 0.0000e+00
    18.2205   0.000080      0.010  17.716088    18.2205     0.0092      0.010    -1.4372 0.0000e+00
    18.1905   0.000080      0.012  17.716146    18.1905     0.0092      0.012    -1.4316 0.0000e+00
    18.2210   0.000080      0.012  17.716204    18.2210     0.0092      0.012    -1.4373 0.0000e+00
    18.2394   0.000080      0.008  17.716262    18.2394     0.0092      0.008    -1.4407 0.0000e+00
    18.3119   0.000080      0.017  17.716319    18.3119     0.0092      0.017    -1.4543 0.0000e+00
    18.2844   0.000080      0.017  17.716377    18.2844     0.0092      0.017    -1.4491 0.0000e+00
    18.2433   0.000080      0.017  17.716435    18.2433     0.0092      0.017    -1.4414 0.0000e+00
    18.1974   0.000080      0.019  17.716493    18.1974     0.0092      0.019    -1.4329 0.0000e+00
    18.2453   0.000080      0.017  17.716551    18.2453     0.0092      0.017    -1.4418 0.0000e+00
    18.2113   0.000080      0.017  17.716609    18.2113     0.0092      0.017    -1.4354 0.0000e+00
    18.1980   0.000080      0.017  17.716667    18.1980     0.0092      0.017    -1.4330 0.0000e+00
    18.2270   0.000080      0.021  17.716725    18.2270     0.0092      0.021    -1.4384 0.0000e+00
    18.2551   0.000080      0.021  17.716782    18.2551     0.0092      0.021    -1.4436 0.0000e+00
    18.2436   0.000080      0.021  17.716840    18.2436     0.0092      0.021    -1.4415 0.0000e+00
    18.1988   0.000080      0.019  17.716898    18.1988     0.0092      0.019    -1.4331 0.0000e+00
    18.2123   0.000080      0.019  17.716956    18.2123     0.0092      0.019    -1.4356 0.0000e+00
    18.1679   0.000080      0.021  17.717014    18.1679     0.0092      0.021    -1.4273 0.0000e+00
    18.1271   0.000080      0.016  17.717072    18.1271     0.0092      0.016    -1.4197 0.0000e+00
    18.0400   0.000080      0.016  17.717130    18.0400     0.0091      0.016    -1.4036 0.0000e+00
    18.0503   0.000080      0.021  17.717187    18.0503     0.0091      0.021    -1.4055 0.0000e+00
    18.1245   0.000080      0.021  17.717245    18.1245     0.0092      0.021    -1.4193 0.0000e+00
    18.1053   0.000080      0.021  17.717303    18.1053     0.0091      0.021    -1.4157 0.0000e+00
    18.1717   0.000080      0.019  17.717361    18.1717     0.0092      0.019    -1.4281 0.0000e+00
    18.1589   0.000080      0.021  17.717419    18.1589     0.0092      0.021    -1.4257 0.0000e+00
    18.1369   0.000080      0.021  17.717477    18.1369     0.0092      0.021    -1.4216 0.0000e+00
    18.1267   0.000080      0.023  17.717535    18.1267     0.0092      0.023    -1.4197 0.0000e+00
    18.0409   0.000080      0.023  17.717593    18.0409     0.0091      0.023    -1.4038 0.0000e+00
    17.9937   0.000080      0.021  17.717650    17.9937     0.0091      0.021    -1.3950 0.0000e+00
    18.0930   0.000080      0.021  17.717708    18.0930     0.0091      0.021    -1.4134 0.0000e+00
    18.0966   0.000080      0.021  17.717766    18.0966     0.0091      0.021    -1.4141 0.0000e+00
    18.0664   0.000080      0.021  17.717824    18.0664     0.0091      0.021    -1.4085 0.0000e+00
    18.1254   0.000080      0.021  17.717882    18.1254     0.0092      0.021    -1.4194 0.0000e+00
    18.0680   0.000080      0.023  17.717940    18.0680     0.0091      0.023    -1.4088 0.0000e+00
    18.0542   0.000080      0.023  17.717998    18.0542     0.0091      0.023    -1.4062 0.0000e+00
    18.0828   0.000080      0.023  17.718056    18.0828     0.0091      0.023    -1.4115 0.0000e+00
    18.1335   0.000080      0.023  17.718113    18.1335     0.0092      0.023    -1.4209 0.0000e+00
    18.0482   0.000080      0.023  17.718171    18.0482     0.0091      0.023    -1.4051 0.0000e+00
    18.0067   0.000080      0.023  17.718229    18.0067     0.0091      0.023    -1.3974 0.0000e+00
    18.0152   0.000080      0.023  17.718287    18.0152     0.0091      0.023    -1.3990 0.0000e+00
    18.0018   0.000080      0.023  17.718345    18.0018     0.0091      0.023    -1.3965 0.0000e+00
    18.0331   0.000080      0.023  17.718403    18.0331     0.0091      0.023    -1.4023 0.0000e+00
    18.0797   0.000080      0.025  17.718461    18.0797     0.0091      0.025    -1.4109 0.0000e+00
    18.1211   0.000080      0.023  17.718519    18.1211     0.0092      0.023    -1.4186 0.0000e+00
    18.1547   0.000070      0.023  17.718576    18.1547     0.0092      0.023    -1.4249 0.0000e+00
    18.1859   0.000070      0.021  17.718634    18.1859     0.0092      0.021    -1.4307 0.0000e+00
    18.0749   0.000080      0.017  17.718692    18.0749     0.0091      0.017    -1.4101 0.0000e+00
    19.9226   3.275560      0.102  17.718750    19.9226    22.9651      0.101    15.6276 0.0000e+00
    20.5955   3.517220      0.165  17.718808    20.5955    24.4547      0.164    16.5901 0.0000e+00
    20.6218   3.526500      0.185  17.718866    20.6218    24.5110      0.184    16.6261 0.0000e+00
    20.6253   3.550620      0.311  17.718924    20.6252    24.6946      0.309    16.7644 0.0000e+00
    20.6602   3.552550      0.537  17.718981    20.6601    24.6892      0.533    16.7515 0.0000e+00
    20.6848   3.562960      0.703  17.719039    20.6847    24.7550      0.698    16.7951 0.0000e+00
    20.7080   3.572900      0.933  17.719097    20.7078    24.8180      0.927    16.8370 0.0000e+00
    20.7186   3.574070      1.132  17.719155    20.7184    24.8208      1.124    16.8364 0.0000e+00
    20.7330   3.573050      1.248  17.719213    20.7328    24.8045      1.240    16.8204 0.0000e+00
    20.7612   3.574780      1.323  17.719271    20.7610    24.8015      1.314    16.8109 0.0000e+00
    20.8262   3.646540      1.703  17.719329    20.8259    25.3150      1.692    17.1835 0.0000e+00
    21.0702   3.967780      1.694  17.719387    21.0699    27.6439      1.683    18.8861 0.0000e+00
    21.1437   4.191190      1.611  17.719444    21.1434    29.3314      1.600    20.1469 0.0000e+00
    21.2149   4.182320      1.613  17.719502    21.2146    29.2138      1.602    20.0387 0.0000e+00
    21.1225   4.133190      1.458  17.719560    21.1222    28.8940      1.448    19.8205 0.0000e+00
    20.8556   4.007710      1.359  17.719618    20.8554    28.0940      1.350    19.2835 0.0000e+00
    20.7746   3.916410      1.213  17.719676    20.7744    27.4354      1.205    18.8048 0.0000e+00
    20.7148   3.684540      0.888  17.719734    20.7146    25.6745      0.882    17.4846 0.0000e+00
    20.7094   3.645730      0.651  17.719792    20.7093    25.3782      0.647    17.2613 0.0000e+00
    20.6816   3.632840      0.336  17.719850    20.6815    25.2954      0.334    17.2056 0.0000e+00
    20.6465   3.637240      0.131  17.719907    20.6465    25.3502      0.130    17.2561 0.0000e+00
    20.2596   0.107690     -0.002  17.719965    20.2596     0.5911     -0.002    -1.3970 0.0000e+00
    19.7715   0.000580      0.010  17.720023    19.7715     0.0112      0.010    -1.7392 0.0000e+00
    19.6726   0.000320      0.008  17.720081    19.6726     0.0103      0.008    -1.7198 0.0000e+00
    19.5718   0.000330      0.008  17.720139    19.5718     0.0103      0.008    -1.6994 0.0000e+00
    19.5348   0.000330      0.008  17.720197    19.5348     0.0103      0.008    -1.6919 0.0000e+00
    19.4852   0.000350      0.008  17.720255    19.4852     0.0103      0.008    -1.6819 0.0000e+00
    19.4306   0.000360      0.008  17.720312    19.4306     0.0103      0.008    -1.6709 0.0000e+00
    19.3661   0.000360      0.008  17.720370    19.3661     0.0103      0.008    -1.6580 0.0000e+00
    19.2171   0.000370      0.007  17.720428    19.2171     0.0103      0.007    -1.6284 0.0000e+00
    19.1868   0.000380      0.007  17.720486    19.1868     0.0103      0.007    -1.6224 0.0000e+00
    19.0808   0.000400      0.007  17.720544    19.0808     0.0103      0.007    -1.6015 0.0000e+00
    19.0803   0.000090      0.007  17.720602    19.0803     0.0096      0.007    -1.6020 0.0000e+00
    19.0497   0.000080      0.007  17.720660    19.0497     0.0095      0.007    -1.5960 0.0000e+00
    19.0322   0.000080      0.007  17.720718    19.0322     0.0095      0.007    -1.5925 0.0000e+00
    19.0150   0.000080      0.007  17.720775    19.0150     0.0095      0.007    -1.5892 0.0000e+00
    19.0189   0.000080      0.007  17.720833    19.0189     0.0095      0.007    -1.5899 0.0000e+00
    18.9852   0.000080      0.007  17.720891    18.9852     0.0095      0.007    -1.5834 0.0000e+00
    19.0030   0.000080      0.007  17.720949    19.0030     0.0095      0.007    -1.5868 0.0000e+00
    19.0203   0.000080      0.007  17.721007    19.0203     0.0095      0.007    -1.5902 0.0000e+00
    19.0667   0.000080      0.008  17.721065    19.0667     0.0096      0.008    -1.5993 0.0000e+00
    19.1082   0.000080      0.008  17.721123    19.1082     0.0096      0.008    -1.6075 0.0000e+00
    19.1430   0.000080      0.008  17.721181    19.1430     0.0096      0.008    -1.6143 0.0000e+00
    19.1491   0.000080      0.008  17.721238    19.1491     0.0096      0.008    -1.6155 0.0000e+00
    19.1217   0.000080      0.008  17.721296    19.1217     0.0096      0.008    -1.6101 0.0000e+00
    19.1358   0.000080      0.008  17.721354    19.1358     0.0096      0.008    -1.6129 0.0000e+00
    19.1111   0.000080      0.008  17.721412    19.1111     0.0096      0.008    -1.6080 0.0000e+00
    19.0364   0.000080      0.008  17.721470    19.0364     0.0095      0.008    -1.5934 0.0000e+00
    19.0278   0.000080      0.010  17.721528    19.0278     0.0095      0.010    -1.5917 0.0000e+00
    18.9577   0.000080      0.010  17.721586    18.9577     0.0095      0.010    -1.5780 0.0000e+00
    18.9118   0.000080      0.010  17.721644    18.9118     0.0095      0.010    -1.5691 0.0000e+00
    18.9263   0.000090      0.010  17.721701    18.9263     0.0095      0.010    -1.5719 0.0000e+00
    18.8964   0.000080      0.010  17.721759    18.8964     0.0095      0.010    -1.5661 0.0000e+00
    18.8636   0.000080      0.012  17.721817    18.8636     0.0095      0.012    -1.5597 0.0000e+00
    18.8846   0.000080      0.010  17.721875    18.8846     0.0095      0.010    -1.5638 0.0000e+00
    18.8560   0.000090      0.012  17.721933    18.8560     0.0095      0.012    -1.5582 0.0000e+00
    18.8270   0.000090      0.014  17.721991    18.8270     0.0095      0.014    -1.5526 0.0000e+00
    18.7905   0.000090      0.014  17.722049    18.7905     0.0094      0.014    -1.5455 0.0000e+00
    18.7861   0.000090      0.014  17.722106    18.7861     0.0094      0.014    -1.5447 0.0000e+00
    18.7502   0.000090      0.016  17.722164    18.7502     0.0094      0.016    -1.5378 0.0000e+00
    18.7196   0.000090      0.016  17.722222    18.7196     0.0094      0.016    -1.5319 0.0000e+00
    18.7390   0.000080      0.016  17.722280    18.7390     0.0094      0.016    -1.5356 0.0000e+00
    18.7443   0.000080      0.016  17.722338    18.7443     0.0094      0.016    -1.5366 0.0000e+00
    18.7537   0.000080      0.016  17.722396    18.7537     0.0094      0.016    -1.5384 0.0000e+00
    18.7216   0.000070      0.016  17.722454    18.7216     0.0094      0.016    -1.5323 0.0000e+00
    18.7164   0.000080      0.016  17.722512    18.7164     0.0094      0.016    -1.5312 0.0000e+00
    18.7261   0.000070      0.016  17.722569    18.7261     0.0094      0.016    -1.5331 0.0000e+00
    18.7276   0.000070      0.017  17.722627    18.7276     0.0094      0.017    -1.5334 0.0000e+00
    18.6986   0.000070      0.017  17.722685    18.6986     0.0094      0.017    -1.5278 0.0000e+00
    18.7048   0.000060      0.017  17.722743    18.7048     0.0094      0.017    -1.5290 0.0000e+00
    18.6967   0.000060      0.019  17.722801    18.6967     0.0094      0.019    -1.5275 0.0000e+00
    18.6709   0.000060      0.017  17.722859    18.6709     0.0094      0.017    -1.5225 0.0000e+00
    18.6537   0.000060      0.019  17.722917    18.6537     0.0094      0.019    -1.5192 0.0000e+00
    18.6003   0.000060      0.019  17.722975    18.6003     0.0094      0.019    -1.5090 0.0000e+00
    18.5869   0.000050      0.017  17.723032    18.5869     0.0094      0.017    -1.5064 0.0000e+00
    18.5623   0.000050      0.016  17.723090    18.5623     0.0093      0.016    -1.5017 0.0000e+00
    18.5224   0.000050      0.017  17.723148    18.5224     0.0093      0.017    -1.4941 0.0000e+00
    18.5576   0.000040      0.017  17.723206    18.5576     0.0094      0.017    -1.5008 0.0000e+00
    18.5837   0.000050      0.017  17.723264    18.5837     0.0094      0.017    -1.5058 0.0000e+00
    18.5781   0.000080      0.019  17.723322    18.5781     0.0093      0.019    -1.5047 0.0000e+00
    18.5523   0.000070      0.017  17.723380    18.5523     0.0093      0.017    -1.4998 0.0000e+00
