data/ctd_processed/stations_25-01-2017_processed.cnv
* Sea-Bird SBE37 Data File:
* FileName = C:\Documents and Settings\Usuário(a)\Desktop\CTD_LAGOA\stations_1-1911_piloto.asc
* Software Version 1.59
* Temperature SN = 2603
* Conductivity SN = 2603
* System UpLoad Time = Jan 27 2017 13:53:11
* ds
* SBE37-SM V 2.2  SERIAL NO. 2603    27 Jan 2017  13:26:10
# nquan = 9                                 
# nvalues = 1911                        
# units = metric
# name 0 = t090: temperature, ITS-90 [deg C]
# name 1 = c0S/m: conductivity [S/m]
# name 2 = pr: pressure [db]
# name 3 = timeJ: time [julian days]
# name 4 = potemp090C: Potential Temperature [ITS-90, deg C]
# name 5 = sal00: Salinity, Practical [PSU]
# name 6 = depSM: Depth [salt water, m], lat = 28.48
# name 7 = sigma-t00: Density [sigma-t, kg/m^3 ]
# name 8 = flag: flag
# span 0 =    22.1516,    31.8219       
# span 1 =   0.000040,   5.381540       
# span 2 =     -0.179,      7.837       
# span 3 =  25.591771,  25.761019       
# span 4 =    22.1516,    31.8219       
# span 5 =     0.0108,    34.7609       
# span 6 =     -0.178,      7.784       
# span 7 =    -4.9050,    22.8494       
# span 8 = 0.0000e+00, 0.0000e+00       
# interval = seconds: 5
# start_time = Jan 25 2017 15:37:22
# bad_flag = -9.990e-29
*END*
[from data line 321]
    26.7305   0.000070     -0.119  25.617789    26.7305     0.0125     -0.118    -3.4019 0.0000e+00
    26.7324   0.000070     -0.119  25.617870    26.7324     0.0125     -0.118    -3.4024 0.0000e+00
    26.6583   0.000070     -0.121  25.617951    26.6583     0.0124     -0.120    -3.3823 0.0000e+00
    26.6624   0.000070     -0.121  25.618032    26.6624     0.0124     -0.120    -3.3834 0.0000e+00
    26.6878   0.000070     -0.121  25.618113    26.6878     0.0124     -0.120    -3.3903 0.0000e+00
    26.6955   0.000070     -0.121  25.618194    26.6955     0.0124     -0.120    -3.3924 0.0000e+00
    26.7214   0.000070     -0.121  25.618275    26.7214     0.0124     -0.120    -3.3994 0.0000e+00
    26.7576   0.000070     -0.123  25.618356    26.7576     0.0125     -0.122    -3.4093 0.0000e+00
    26.7303   0.000070     -0.123  25.618437    26.7303     0.0125     -0.122    -3.4019 0.0000e+00
    26.7349   0.000070     -0.123  25.618519    26.7349     0.0125     -0.122    -3.4031 0.0000e+00
    26.7701   0.000070     -0.123  25.618600    26.7701     0.0125     -0.122    -3.4127 0.0000e+00
    26.8435   0.000070     -0.125  25.618681    26.8435     0.0125     -0.124    -3.4328 0.0000e+00
    26.7145   0.000070     -0.128  25.618762    26.7145     0.0124     -0.127    -3.3976 0.0000e+00
    26.6142   0.000070     -0.128  25.618843    26.6142     0.0124     -0.127    -3.3703 0.0000e+00
    28.2842   1.555420     -0.035  25.618924    28.2842     8.4546     -0.035     2.4675 0.0000e+00
    28.3538   1.658100      0.043  25.619005    28.3538     9.0483      0.043     2.8889 0.0000e+00
    28.3566   1.818350      0.057  25.619086    28.3566    10.0011      0.057     3.5975 0.0000e+00
    28.3756   1.868000      0.347  25.619167    28.3755    10.2942      0.345     3.8101 0.0000e+00
    28.3459   2.683180      0.643  25.619248    28.3458    15.2943      0.639     7.5429 0.0000e+00
    28.2473   2.963110      1.125  25.619329    28.2470    17.0891      1.117     8.9108 0.0000e+00
    28.0183   3.158130      1.453  25.619410    28.0180    18.4182      1.443     9.9724 0.0000e+00
    26.7530   4.001940      2.240  25.619491    26.7525    24.5783      2.225    14.9654 0.0000e+00
    26.6667   4.102830      3.048  25.619572    26.6660    25.3139      3.028    15.5432 0.0000e+00
    26.4974   4.464720      3.841  25.619653    26.4966    27.9120      3.815    17.5445 0.0000e+00
    26.2843   4.700130      4.555  25.619734    26.2833    29.6959      4.524    18.9504 0.0000e+00
    26.1367   4.793340      5.499  25.619815    26.1355    30.4521      5.462    19.5646 0.0000e+00
    26.0396   4.865780      5.420  25.619896    26.0384    31.0330      5.384    20.0315 0.0000e+00
    26.2046   4.803620      4.220  25.619977    26.2037    30.4806      4.192    19.5651 0.0000e+00
    26.5705   4.580830      3.476  25.620058    26.5697    28.6778      3.453    18.0972 0.0000e+00
    26.7198   4.455830      2.310  25.620139    26.7193    27.7174      2.295    17.3300 0.0000e+00
    27.2989   4.252650      1.483  25.620220    27.2986    25.9900      1.473    15.8554 0.0000e+00
    27.8744   3.553100      0.467  25.620301    27.8743    21.0380      0.464    11.9725 0.0000e+00
    27.2931   0.000070     -0.130  25.620382    27.2931     0.0126     -0.129    -3.5566 0.0000e+00
    26.9228   0.000060     -0.130  25.620463    26.9228     0.0125     -0.129    -3.4545 0.0000e+00
    26.9040   0.000060     -0.128  25.620544    26.9040     0.0125     -0.127    -3.4493 0.0000e+00
    26.9112   0.000060     -0.128  25.620625    26.9112     0.0125     -0.127    -3.4513 0.0000e+00
    26.9552   0.000070     -0.128  25.620706    26.9552     0.0125     -0.127    -3.4634 0.0000e+00
    26.8360   0.000070     -0.130  25.620787    26.8360     0.0125     -0.129    -3.4307 0.0000e+00
    26.7418   0.000070     -0.130  25.620868    26.7418     0.0125     -0.129    -3.4050 0.0000e+00
    26.7219   0.000070     -0.130  25.620949    26.7219     0.0125     -0.129    -3.3996 0.0000e+00
    26.6904   0.000070     -0.130  25.621030    26.6904     0.0124     -0.129    -3.3910 0.0000e+00
    26.7128   0.000070     -0.132  25.621111    26.7128     0.0124     -0.131    -3.3971 0.0000e+00
    26.7778   0.000070     -0.132  25.621192    26.7778     0.0125     -0.131    -3.4148 0.0000e+00
    26.8741   0.000060     -0.132  25.621273    26.8741     0.0125     -0.131    -3.4411 0.0000e+00
    26.9629   0.000050     -0.134  25.621354    26.9629     0.0126     -0.133    -3.4654 0.0000e+00
    27.0264   0.000070     -0.134  25.621435    27.0264     0.0126     -0.133    -3.4829 0.0000e+00
    27.0068   0.000070     -0.134  25.621516    27.0068     0.0125     -0.133    -3.4775 0.0000e+00
    26.9914   0.000070     -0.134  25.621597    26.9914     0.0125     -0.133    -3.4733 0.0000e+00
    26.9810   0.000070     -0.135  25.621678    26.9810     0.0125     -0.134    -3.4704 0.0000e+00
    26.9540   0.000070     -0.135  25.621759    26.9540     0.0125     -0.134    -3.4630 0.0000e+00
    26.9275   0.000070     -0.135  25.621840    26.9275     0.0125     -0.134    -3.4558 0.0000e+00
    26.8924   0.000070     -0.135  25.621921    26.8924     0.0125     -0.134    -3.4461 0.0000e+00
    26.8933   0.000080     -0.135  25.622002    26.8933     0.0125     -0.134    -3.4464 0.0000e+00
    26.8915   0.000070     -0.137  25.622083    26.8915     0.0125     -0.136    -3.4459 0.0000e+00
    26.9087   0.000070     -0.137  25.622164    26.9087     0.0125     -0.136    -3.4506 0.0000e+00
    26.9064   0.000070     -0.137  25.622245    26.9064     0.0125     -0.136    -3.4500 0.0000e+00
    26.8604   0.000080     -0.137  25.622326    26.8604     0.0125     -0.136    -3.4374 0.0000e+00
    26.8618   0.000070     -0.137  25.622407    26.8618     0.0125     -0.136    -3.4378 0.0000e+00
    26.8535   0.000080     -0.137  25.622488    26.8535     0.0125     -0.136    -3.4355 0.0000e+00
    26.8343   0.000070     -0.137  25.622569    26.8343     0.0125     -0.136    -3.4302 0.0000e+00
    26.8599   0.000080     -0.137  25.622650    26.8599     0.0125     -0.136    -3.4372 0.0000e+00
    26.8559   0.000070     -0.137  25.622731    26.8559     0.0125     -0.136    -3.4361 0.0000e+00
    26.8885   0.000070     -0.137  25.622812    26.8885     0.0125     -0.136    -3.4451 0.0000e+00
    26.7736   0.000080     -0.135  25.622894    26.7736     0.0125     -0.134    -3.4137 0.0000e+00
    28.0078   0.451700     -0.096  25.622975    28.0078     2.2571     -0.095    -2.0744 0.0000e+00
    28.0221   1.186890      0.066  25.623056    28.0221     6.3460      0.066     0.9736 0.0000e+00
    28.0270   1.264610      0.145  25.623137    28.0270     6.7949      0.144     1.3068 0.0000e+00
    28.0298   1.276560      0.169  25.623218    28.0298     6.8638      0.168     1.3574 0.0000e+00
    28.0450   1.399510      0.607  25.623299    28.0449     7.5786      0.603     1.8856 0.0000e+00
    28.0353   1.522370      0.181  25.623380    28.0353     8.3030      0.180     2.4282 0.0000e+00
    28.0520   1.729280      0.507  25.623461    28.0519     9.5303      0.504     3.3377 0.0000e+00
    27.9081   0.299080     -0.134  25.623542    27.9081     1.4614     -0.133    -2.6414 0.0000e+00
    26.0096   0.000080     -0.135  25.623623    26.0096     0.0122     -0.134    -3.2080 0.0000e+00
    25.5996   0.000080     -0.135  25.623704    25.5996     0.0121     -0.134    -3.0999 0.0000e+00
    25.8418   0.000080     -0.137  25.623785    25.8418     0.0121     -0.136    -3.1636 0.0000e+00
    25.8651   0.000080     -0.137  25.623866    25.8651     0.0121     -0.136    -3.1697 0.0000e+00
    25.9776   0.000080     -0.137  25.623947    25.9776     0.0122     -0.136    -3.1995 0.0000e+00
    26.0674   0.000080     -0.139  25.624028    26.0674     0.0122     -0.138    -3.2234 0.0000e+00
    26.1766   0.000080     -0.139  25.624109    26.1766     0.0123     -0.138    -3.2525 0.0000e+00
    26.1762   0.000080     -0.139  25.624190    26.1762     0.0123     -0.138    -3.2524 0.0000e+00
    26.3211   0.000080     -0.139  25.624271    26.3211     0.0123     -0.138    -3.2912 0.0000e+00
    26.3564   0.000080     -0.141  25.624352    26.3564     0.0123     -0.140    -3.3007 0.0000e+00
    26.3823   0.000080     -0.141  25.624433    26.3823     0.0123     -0.140    -3.3077 0.0000e+00
    26.3734   0.000080     -0.141  25.624514    26.3734     0.0123     -0.140    -3.3053 0.0000e+00
    26.4316   0.000080     -0.141  25.624595    26.4316     0.0123     -0.140    -3.3209 0.0000e+00
    26.5312   0.000080     -0.141  25.624676    26.5312     0.0124     -0.140    -3.3478 0.0000e+00
    26.5974   0.000080     -0.141  25.624757    26.5974     0.0124     -0.140    -3.3658 0.0000e+00
    26.6865   0.000080     -0.141  25.624838    26.6865     0.0124     -0.140    -3.3900 0.0000e+00
    26.7530   0.000080     -0.141  25.624919    26.7530     0.0125     -0.140    -3.4081 0.0000e+00
    26.7682   0.000080     -0.141  25.625000    26.7682     0.0125     -0.140    -3.4122 0.0000e+00
    26.7503   0.000080     -0.141  25.625081    26.7503     0.0125     -0.140    -3.4073 0.0000e+00
    26.7443   0.000080     -0.141  25.625162    26.7443     0.0124     -0.140    -3.4057 0.0000e+00
    26.7637   0.000080     -0.141  25.625243    26.7637     0.0125     -0.140    -3.4110 0.0000e+00
    26.7979   0.000080     -0.141  25.625324    26.7979     0.0125     -0.140    -3.4203 0.0000e+00
    26.8096   0.000080     -0.141  25.625405    26.8096     0.0125     -0.140    -3.4235 0.0000e+00
    26.8566   0.000080     -0.141  25.625486    26.8566     0.0125     -0.140    -3.4363 0.0000e+00
    26.8877   0.000080     -0.141  25.625567    26.8877     0.0125     -0.140    -3.4449 0.0000e+00
    26.9086   0.000080     -0.141  25.625648    26.9086     0.0125     -0.140    -3.4506 0.0000e+00
    26.9106   0.000080     -0.141  25.625729    26.9106     0.0125     -0.140    -3.4511 0.0000e+00
    26.8760   0.000080     -0.141  25.625810    26.8760     0.0125     -0.140    -3.4417 0.0000e+00
    26.8818   0.000080     -0.141  25.625891    26.8818     0.0125     -0.140    -3.4432 0.0000e+00
    26.9061   0.000080     -0.141  25.625972    26.9061     0.0125     -0.140    -3.4499 0.0000e+00
    26.8812   0.000080     -0.141  25.626053    26.8812     0.0125     -0.140    -3.4431 0.0000e+00
    26.8517   0.000080     -0.141  25.626134    26.8517     0.0125     -0.140    -3.4350 0.0000e+00
    26.8338   0.000080     -0.141  25.626215    26.8338     0.0125     -0.140    -3.4301 0.0000e+00
    26.7835   0.000080     -0.141  25.626296    26.7835     0.0125     -0.140    -3.4164 0.0000e+00
    26.8239   0.000080     -0.141  25.626377    26.8239     0.0125     -0.140    -3.4274 0.0000e+00
    26.8911   0.000080     -0.141  25.626458    26.8911     0.0125     -0.140    -3.4458 0.0000e+00
    26.8905   0.000080     -0.143  25.626539    26.8905     0.0125     -0.142    -3.4456 0.0000e+00
    26.8608   0.000080     -0.141  25.626620    26.8608     0.0125     -0.140    -3.4375 0.0000e+00
    26.8583   0.000080     -0.141  25.626701    26.8583     0.0125     -0.140    -3.4368 0.0000e+00
    26.8826   0.000080     -0.141  25.626782    26.8826     0.0125     -0.140    -3.4435 0.0000e+00
    26.9314   0.000080     -0.141  25.626863    26.9314     0.0125     -0.140    -3.4568 0.0000e+00
    26.9423   0.000080     -0.141  25.626944    26.9423     0.0125     -0.140    -3.4598 0.0000e+00
    26.9287   0.000080     -0.141  25.627025    26.9287     0.0125     -0.140    -3.4561 0.0000e+00
    26.9734   0.000080     -0.141  25.627106    26.9734     0.0125     -0.140    -3.4684 0.0000e+00
    26.9417   0.000080     -0.141  25.627187    26.9417     0.0125     -0.140    -3.4597 0.0000e+00
    26.9060   0.000080     -0.141  25.627269    26.9060     0.0125     -0.140    -3.4499 0.0000e+00
    26.9666   0.000080     -0.141  25.627350    26.9666     0.0125     -0.140    -3.4665 0.0000e+00
    27.0136   0.000080     -0.141  25.627431    27.0136     0.0125     -0.140    -3.4794 0.0000e+00
    26.9922   0.000080     -0.141  25.627512    26.9922     0.0125     -0.140    -3.4735 0.0000e+00
    26.9430   0.000080     -0.141  25.627593    26.9430     0.0125     -0.140    -3.4600 0.0000e+00
    26.9483   0.000080     -0.141  25.627674    26.9483     0.0125     -0.140    -3.4615 0.0000e+00
    26.8502   0.000080     -0.141  25.627755    26.8502     0.0125     -0.140    -3.4346 0.0000e+00
    26.8849   0.000080     -0.141  25.627836    26.8849     0.0125     -0.140    -3.4441 0.0000e+00
    26.8692   0.000080     -0.141  25.627917    26.8692     0.0125     -0.140    -3.4398 0.0000e+00
    26.9309   0.000080     -0.141  25.627998    26.9309     0.0125     -0.140    -3.4567 0.0000e+00
    26.9413   0.000080     -0.141  25.628079    26.9413     0.0125     -0.140    -3.4595 0.0000e+00
    26.9864   0.000080     -0.141  25.628160    26.9864     0.0125     -0.140    -3.4719 0.0000e+00
    26.9764   0.000080     -0.141  25.628241    26.9764     0.0125     -0.140    -3.4692 0.0000e+00
    26.9304   0.000080     -0.141  25.628322    26.9304     0.0125     -0.140    -3.4566 0.0000e+00
    26.9251   0.000080     -0.141  25.628403    26.9251     0.0125     -0.140    -3.4551 0.0000e+00
    27.8777   1.830990     -0.015  25.628484    27.8777    10.1778     -0.015     3.8718 0.0000e+00
    28.2389   1.863580      0.001  25.628565    28.2389    10.2970      0.001     3.8531 0.0000e+00
    28.2440   1.917560      0.007  25.628646    28.2440    10.6207      0.007     4.0927 0.0000e+00
    28.2234   1.972870     -0.063  25.628727    28.2234    10.9592     -0.063     4.3509 0.0000e+00
    28.2260   1.912790      0.028  25.628808    28.2260    10.5959      0.028     4.0796 0.0000e+00
    28.2289   1.870570     -0.080  25.628889    28.2289    10.3412     -0.079     3.8890 0.0000e+00
    28.2513   2.036710      0.411  25.628970    28.2512    11.3393      0.408     4.6256 0.0000e+00
    28.2276   1.745780     -0.096  25.629051    28.2276     9.5939     -0.095     3.3329 0.0000e+00
    28.2199   1.749910      0.296  25.629132    28.2198     9.6201      0.294     3.3547 0.0000e+00
    28.2368   2.000960      0.039  25.629213    28.2368    11.1261      0.039     4.4712 0.0000e+00
    26.8589   0.028020     -0.137  25.629294    26.8589     0.1307     -0.136    -3.3477 0.0000e+00
    26.4727   0.000080     -0.139  25.629375    26.4727     0.0124     -0.138    -3.3320 0.0000e+00
    26.4706   0.000070     -0.139  25.629456    26.4706     0.0124     -0.138    -3.3314 0.0000e+00
    26.4440   0.000070     -0.139  25.629537    26.4440     0.0124     -0.138    -3.3243 0.0000e+00
    26.4804   0.000080     -0.139  25.629618    26.4804     0.0124     -0.138    -3.3341 0.0000e+00
    26.5622   0.000070     -0.141  25.629699    26.5622     0.0124     -0.140    -3.3562 0.0000e+00
    26.5391   0.000080     -0.141  25.629780    26.5391     0.0124     -0.140    -3.3500 0.0000e+00
    26.5330   0.000080     -0.141  25.629861    26.5330     0.0124     -0.140    -3.3483 0.0000e+00
    26.5082   0.000070     -0.141  25.629942    26.5082     0.0124     -0.140    -3.3416 0.0000e+00
    26.5651   0.000070     -0.141  25.630023    26.5651     0.0124     -0.140    -3.3570 0.0000e+00
    26.5849   0.000070     -0.141  25.630104    26.5849     0.0124     -0.140    -3.3624 0.0000e+00
    26.5327   0.000070     -0.141  25.630185    26.5327     0.0124     -0.140    -3.3482 0.0000e+00
    26.4736   0.000070     -0.141  25.630266    26.4736     0.0124     -0.140    -3.3323 0.0000e+00
    26.4048   0.000080     -0.141  25.630347    26.4048     0.0123     -0.140    -3.3137 0.0000e+00
    26.3214   0.000070     -0.141  25.630428    26.3214     0.0123     -0.140    -3.2913 0.0000e+00
    26.2010   0.000070     -0.141  25.630509    26.2010     0.0123     -0.140    -3.2590 0.0000e+00
    26.0550   0.000080     -0.141  25.630590    26.0550     0.0122     -0.140    -3.2201 0.0000e+00
