data/ctd_processed/stations_27-05-2017_processed.cnv
* Sea-Bird SBE37 Data File:
* FileName = C:\Documents and Settings\Usuário(a)\Desktop\Prof.Arnaldo\CTD_LAGOA_05_2017\27-05-201.asc
* Software Version 1.59
* Temperature SN = 2603
* Conductivity SN = 2603
* System UpLoad Time = May 27 2017 22:06:27
** Dados Lagoa de Santo Antonio
** 27-05-2017
# nquan = 9                                 
# nvalues = 3132                        
# units = metric
# name 0 = t090: temperature, ITS-90 [deg C]
# name 1 = c0S/m: conductivity [S/m]
# name 2 = pr: pressure [db]
# name 3 = timeJ: time [julian days]
# name 4 = potemp090C: Potential Temperature [ITS-90, deg C]
# name 5 = sal00: Salinity, Practical [PSU]
# name 6 = depSM: Depth [salt water, m], lat = 28.48
# name 7 = sigma-t00: Density [sigma-t, kg/m^3 ]
# name 8 = flag: flag
# span 0 =    17.8249,    22.2522       
# span 1 =   0.000030,   4.919240       
# span 2 =     -0.022,      8.927       
# span 3 =  17.593715,  17.775000       
# span 4 =    17.8249,    22.2521       
# span 5 =     0.0090,    35.6720       
# span 6 =     -0.022,      8.867       
# span 7 =    -2.0100,    25.1574       
# span 8 = 0.0000e+00, 0.0000e+00       
# interval = seconds: 5
# start_time = Jan 17 2017 14:14:57
# bad_flag = -9.990e-29
*END*
[from data line 2881]
    18.4497   0.000070      0.028  17.760532    18.4497     0.0093      0.028    -1.4803 0.0000e+00
    18.4151   0.000070      0.026  17.760590    18.4151     0.0093      0.026    -1.4738 0.0000e+00
    18.4841   0.000070      0.030  17.760648    18.4841     0.0093      0.030    -1.4868 0.0000e+00
    18.5704   0.000070      0.017  17.760706    18.5704     0.0093      0.017    -1.5033 0.0000e+00
    18.6388   0.000070      0.026  17.760764    18.6388     0.0094      0.026    -1.5164 0.0000e+00
    18.6355   0.000070      0.026  17.760822    18.6355     0.0094      0.026    -1.5157 0.0000e+00
    18.6961   0.000070      0.026  17.760880    18.6961     0.0094      0.026    -1.5273 0.0000e+00
    18.6981   0.000070      0.025  17.760938    18.6981     0.0094      0.025    -1.5277 0.0000e+00
    18.7255   0.000070      0.021  17.760995    18.7255     0.0094      0.021    -1.5330 0.0000e+00
    18.6943   0.000070      0.028  17.761053    18.6943     0.0094      0.028    -1.5270 0.0000e+00
    18.6440   0.000070      0.026  17.761111    18.6440     0.0094      0.026    -1.5174 0.0000e+00
    18.6068   0.000070      0.023  17.761169    18.6068     0.0094      0.023    -1.5102 0.0000e+00
    18.5858   0.000070      0.026  17.761227    18.5858     0.0093      0.026    -1.5062 0.0000e+00
    18.5037   0.000070      0.028  17.761285    18.5037     0.0093      0.028    -1.4906 0.0000e+00
    18.5095   0.000070      0.023  17.761343    18.5095     0.0093      0.023    -1.4917 0.0000e+00
    18.6289   0.000070      0.026  17.761400    18.6289     0.0094      0.026    -1.5145 0.0000e+00
    18.6634   0.000070      0.025  17.761458    18.6634     0.0094      0.025    -1.5211 0.0000e+00
    18.6178   0.000070      0.030  17.761516    18.6178     0.0094      0.030    -1.5123 0.0000e+00
    18.7161   0.000070      0.026  17.761574    18.7161     0.0094      0.026    -1.5312 0.0000e+00
    18.6935   0.000070      0.021  17.761632    18.6935     0.0094      0.021    -1.5268 0.0000e+00
    18.6884   0.000070      0.025  17.761690    18.6884     0.0094      0.025    -1.5259 0.0000e+00
    18.6769   0.000070      0.028  17.761748    18.6769     0.0094      0.028    -1.5237 0.0000e+00
    18.6776   0.000070      0.023  17.761806    18.6776     0.0094      0.023    -1.5238 0.0000e+00
    18.6901   0.000070      0.030  17.761863    18.6901     0.0094      0.030    -1.5262 0.0000e+00
    18.6863   0.000070      0.023  17.761921    18.6863     0.0094      0.023    -1.5255 0.0000e+00
    18.6216   0.000070      0.028  17.761979    18.6216     0.0094      0.028    -1.5131 0.0000e+00
    18.6111   0.000070      0.023  17.762037    18.6111     0.0094      0.023    -1.5111 0.0000e+00
    18.6755   0.000070      0.026  17.762095    18.6755     0.0094      0.026    -1.5234 0.0000e+00
    18.7176   0.000070      0.026  17.762153    18.7176     0.0094      0.026    -1.5315 0.0000e+00
    18.6765   0.000070      0.026  17.762211    18.6765     0.0094      0.026    -1.5236 0.0000e+00
    18.7130   0.000070      0.026  17.762269    18.7130     0.0094      0.026    -1.5306 0.0000e+00
    18.6273   0.000070      0.025  17.762326    18.6273     0.0094      0.025    -1.5142 0.0000e+00
    18.5609   0.000070      0.028  17.762384    18.5609     0.0093      0.028    -1.5015 0.0000e+00
    18.5074   0.000070      0.026  17.762442    18.5074     0.0093      0.026    -1.4913 0.0000e+00
    18.4672   0.000070      0.030  17.762500    18.4672     0.0093      0.030    -1.4836 0.0000e+00
    18.5396   0.000070      0.028  17.762558    18.5396     0.0093      0.028    -1.4974 0.0000e+00
    18.5460   0.000070      0.030  17.762616    18.5460     0.0093      0.030    -1.4986 0.0000e+00
    18.5413   0.000070      0.026  17.762674    18.5413     0.0093      0.026    -1.4977 0.0000e+00
    18.5539   0.000070      0.025  17.762731    18.5539     0.0093      0.025    -1.5001 0.0000e+00
    18.5109   0.000070      0.023  17.762789    18.5109     0.0093      0.023    -1.4919 0.0000e+00
    18.5447   0.000070      0.023  17.762847    18.5447     0.0093      0.023    -1.4984 0.0000e+00
    18.4912   0.000070      0.023  17.762905    18.4912     0.0093      0.023    -1.4882 0.0000e+00
    18.5884   0.000070      0.023  17.762963    18.5884     0.0093      0.023    -1.5067 0.0000e+00
    18.6699   0.000070      0.023  17.763021    18.6699     0.0094      0.023    -1.5223 0.0000e+00
    18.5026   0.000070      0.025  17.763079    18.5026     0.0093      0.025    -1.4904 0.0000e+00
    18.4695   0.000070      0.025  17.763137    18.4695     0.0093      0.025    -1.4841 0.0000e+00
    18.4542   0.000070      0.025  17.763194    18.4542     0.0093      0.025    -1.4812 0.0000e+00
    18.5425   0.000070      0.026  17.763252    18.5425     0.0093      0.026    -1.4980 0.0000e+00
    18.5154   0.000070      0.025  17.763310    18.5154     0.0093      0.025    -1.4928 0.0000e+00
    18.5193   0.000070      0.028  17.763368    18.5193     0.0093      0.028    -1.4935 0.0000e+00
    18.4538   0.000070      0.028  17.763426    18.4538     0.0093      0.028    -1.4811 0.0000e+00
    18.4694   0.000070      0.025  17.763484    18.4694     0.0093      0.025    -1.4841 0.0000e+00
    18.5202   0.000070      0.021  17.763542    18.5202     0.0093      0.021    -1.4937 0.0000e+00
    18.4849   0.000070      0.025  17.763600    18.4849     0.0093      0.025    -1.4870 0.0000e+00
    18.4928   0.000070      0.023  17.763657    18.4928     0.0093      0.023    -1.4885 0.0000e+00
    18.5219   0.000070      0.026  17.763715    18.5219     0.0093      0.026    -1.4940 0.0000e+00
    18.4661   0.000070      0.028  17.763773    18.4661     0.0093      0.028    -1.4834 0.0000e+00
    18.5075   0.000070      0.028  17.763831    18.5075     0.0093      0.028    -1.4913 0.0000e+00
    18.5483   0.000080      0.025  17.763889    18.5483     0.0093      0.025    -1.4991 0.0000e+00
    18.5438   0.000070      0.026  17.763947    18.5438     0.0093      0.026    -1.4982 0.0000e+00
    18.5347   0.000070      0.025  17.764005    18.5347     0.0093      0.025    -1.4965 0.0000e+00
    18.5794   0.000070      0.025  17.764062    18.5794     0.0093      0.025    -1.5050 0.0000e+00
    18.5680   0.000070      0.016  17.764120    18.5680     0.0093      0.016    -1.5028 0.0000e+00
    18.5270   0.000070      0.017  17.764178    18.5270     0.0093      0.017    -1.4950 0.0000e+00
    18.6006   0.000070      0.017  17.764236    18.6006     0.0094      0.017    -1.5090 0.0000e+00
    18.5312   0.000070      0.019  17.764294    18.5312     0.0093      0.019    -1.4958 0.0000e+00
    18.6259   0.000070      0.019  17.764352    18.6259     0.0094      0.019    -1.5139 0.0000e+00
    18.5406   0.000070      0.017  17.764410    18.5406     0.0093      0.017    -1.4976 0.0000e+00
    18.5367   0.000070      0.019  17.764468    18.5367     0.0093      0.019    -1.4969 0.0000e+00
    18.5216   0.000070      0.017  17.764525    18.5216     0.0093      0.017    -1.4940 0.0000e+00
    18.6142   0.000070      0.017  17.764583    18.6142     0.0094      0.017    -1.5116 0.0000e+00
    18.5794   0.000070      0.017  17.764641    18.5794     0.0093      0.017    -1.5050 0.0000e+00
    18.5679   0.000070      0.017  17.764699    18.5679     0.0093      0.017    -1.5028 0.0000e+00
    18.4505   0.000070      0.017  17.764757    18.4505     0.0093      0.017    -1.4805 0.0000e+00
    18.4112   0.000070      0.023  17.764815    18.4112     0.0093      0.023    -1.4730 0.0000e+00
    18.5165   0.000070      0.025  17.764873    18.5165     0.0093      0.025    -1.4930 0.0000e+00
    18.5779   0.000070      0.023  17.764931    18.5779     0.0093      0.023    -1.5047 0.0000e+00
    18.5043   0.000070      0.023  17.764988    18.5043     0.0093      0.023    -1.4907 0.0000e+00
    18.5298   0.000070      0.023  17.765046    18.5298     0.0093      0.023    -1.4955 0.0000e+00
    18.4577   0.000070      0.025  17.765104    18.4577     0.0093      0.025    -1.4818 0.0000e+00
    18.5285   0.000070      0.025  17.765162    18.5285     0.0093      0.025    -1.4953 0.0000e+00
    18.5617   0.000070      0.023  17.765220    18.5617     0.0093      0.023    -1.5016 0.0000e+00
    18.5277   0.000070      0.025  17.765278    18.5277     0.0093      0.025    -1.4951 0.0000e+00
    18.4978   0.000070      0.023  17.765336    18.4978     0.0093      0.023    -1.4895 0.0000e+00
    18.4542   0.000070      0.025  17.765394    18.4542     0.0093      0.025    -1.4812 0.0000e+00
    18.3839   0.000070      0.025  17.765451    18.3839     0.0093      0.025    -1.4679 0.0000e+00
    18.4205   0.000070      0.023  17.765509    18.4205     0.0093      0.023    -1.4748 0.0000e+00
    18.4788   0.000070      0.023  17.765567    18.4788     0.0093      0.023    -1.4858 0.0000e+00
    18.4702   0.000070      0.025  17.765625    18.4702     0.0093      0.025    -1.4842 0.0000e+00
    18.4602   0.000070      0.025  17.765683    18.4602     0.0093      0.025    -1.4823 0.0000e+00
    18.4753   0.000070      0.023  17.765741    18.4753     0.0093      0.023    -1.4852 0.0000e+00
    18.5063   0.000070      0.023  17.765799    18.5063     0.0093      0.023    -1.4911 0.0000e+00
    18.4609   0.000070      0.023  17.765856    18.4609     0.0093      0.023    -1.4824 0.0000e+00
    18.4144   0.000070      0.026  17.765914    18.4144     0.0093      0.026    -1.4736 0.0000e+00
    18.3653   0.000070      0.023  17.765972    18.3653     0.0093      0.023    -1.4644 0.0000e+00
    18.3532   0.000070      0.021  17.766030    18.3532     0.0092      0.021    -1.4621 0.0000e+00
    18.3653   0.000070      0.021  17.766088    18.3653     0.0093      0.021    -1.4644 0.0000e+00
    18.3726   0.000070      0.021  17.766146    18.3726     0.0093      0.021    -1.4657 0.0000e+00
    18.3566   0.000070      0.021  17.766204    18.3566     0.0093      0.021    -1.4627 0.0000e+00
    18.3628   0.000060      0.023  17.766262    18.3628     0.0093      0.023    -1.4639 0.0000e+00
    18.3554   0.000070      0.025  17.766319    18.3554     0.0093      0.025    -1.4625 0.0000e+00
    18.3735   0.000070      0.025  17.766377    18.3735     0.0093      0.025    -1.4659 0.0000e+00
    18.4139   0.000070      0.025  17.766435    18.4139     0.0093      0.025    -1.4735 0.0000e+00
    18.3850   0.000070      0.025  17.766493    18.3850     0.0093      0.025    -1.4681 0.0000e+00
    18.3921   0.000070      0.021  17.766551    18.3921     0.0093      0.021    -1.4694 0.0000e+00
    18.4003   0.000070      0.021  17.766609    18.4003     0.0093      0.021    -1.4710 0.0000e+00
    18.3920   0.000070      0.021  17.766667    18.3920     0.0093      0.021    -1.4694 0.0000e+00
    18.3820   0.000070      0.021  17.766725    18.3820     0.0093      0.021    -1.4675 0.0000e+00
    18.3745   0.000070      0.025  17.766782    18.3745     0.0093      0.025    -1.4661 0.0000e+00
    18.4163   0.000070      0.023  17.766840    18.4163     0.0093      0.023    -1.4740 0.0000e+00
    18.3979   0.000070      0.021  17.766898    18.3979     0.0093      0.021    -1.4705 0.0000e+00
    18.3951   0.000070      0.021  17.766956    18.3951     0.0093      0.021    -1.4700 0.0000e+00
    18.3970   0.000070      0.021  17.767014    18.3970     0.0093      0.021    -1.4704 0.0000e+00
    18.4118   0.000070      0.021  17.767072    18.4118     0.0093      0.021    -1.4731 0.0000e+00
    18.4207   0.000070      0.021  17.767130    18.4207     0.0093      0.021    -1.4748 0.0000e+00
    18.4306   0.000070      0.021  17.767187    18.4306     0.0093      0.021    -1.4767 0.0000e+00
    18.4375   0.000070      0.023  17.767245    18.4375     0.0093      0.023    -1.4780 0.0000e+00
    18.4658   0.000070      0.023  17.767303    18.4658     0.0093      0.023    -1.4834 0.0000e+00
    18.4726   0.000070      0.023  17.767361    18.4726     0.0093      0.023    -1.4847 0.0000e+00
    18.4846   0.000070      0.023  17.767419    18.4846     0.0093      0.023    -1.4869 0.0000e+00
    18.4919   0.000060      0.023  17.767477    18.4919     0.0093      0.023    -1.4883 0.0000e+00
    18.4873   0.000060      0.023  17.767535    18.4873     0.0093      0.023    -1.4875 0.0000e+00
    18.4776   0.000070      0.023  17.767593    18.4776     0.0093      0.023    -1.4856 0.0000e+00
    18.4668   0.000060      0.023  17.767650    18.4668     0.0093      0.023    -1.4836 0.0000e+00
    18.4540   0.000060      0.023  17.767708    18.4540     0.0093      0.023    -1.4811 0.0000e+00
    18.4488   0.000060      0.023  17.767766    18.4488     0.0093      0.023    -1.4802 0.0000e+00
    18.4626   0.000060      0.023  17.767824    18.4626     0.0093      0.023    -1.4828 0.0000e+00
    18.4910   0.000060      0.023  17.767882    18.4910     0.0093      0.023    -1.4882 0.0000e+00
    18.5148   0.000060      0.023  17.767940    18.5148     0.0093      0.023    -1.4927 0.0000e+00
    18.5303   0.000060      0.023  17.767998    18.5303     0.0093      0.023    -1.4956 0.0000e+00
    18.5213   0.000060      0.023  17.768056    18.5213     0.0093      0.023    -1.4939 0.0000e+00
    18.5124   0.000060      0.023  17.768113    18.5124     0.0093      0.023    -1.4922 0.0000e+00
    18.4977   0.000060      0.023  17.768171    18.4977     0.0093      0.023    -1.4894 0.0000e+00
    18.4647   0.000060      0.023  17.768229    18.4647     0.0093      0.023    -1.4832 0.0000e+00
    18.4520   0.000060      0.023  17.768287    18.4520     0.0093      0.023    -1.4808 0.0000e+00
    18.4467   0.000060      0.019  17.768345    18.4467     0.0093      0.019    -1.4798 0.0000e+00
    18.4460   0.000060      0.021  17.768403    18.4460     0.0093      0.021    -1.4796 0.0000e+00
    18.4442   0.000060      0.021  17.768461    18.4442     0.0093      0.021    -1.4793 0.0000e+00
    18.4487   0.000060      0.021  17.768519    18.4487     0.0093      0.021    -1.4801 0.0000e+00
    18.4612   0.000060      0.021  17.768576    18.4612     0.0093      0.021    -1.4825 0.0000e+00
    18.4765   0.000060      0.023  17.768634    18.4765     0.0093      0.023    -1.4854 0.0000e+00
    18.4892   0.000060      0.023  17.768692    18.4892     0.0093      0.023    -1.4878 0.0000e+00
    18.4973   0.000060      0.023  17.768750    18.4973     0.0093      0.023    -1.4894 0.0000e+00
    18.5102   0.000060      0.023  17.768808    18.5102     0.0093      0.023    -1.4918 0.0000e+00
    18.5058   0.000060      0.023  17.768866    18.5058     0.0093      0.023    -1.4910 0.0000e+00
    18.4915   0.000060      0.021  17.768924    18.4915     0.0093      0.021    -1.4883 0.0000e+00
    18.4872   0.000060      0.023  17.768981    18.4872     0.0093      0.023    -1.4874 0.0000e+00
    18.4976   0.000060      0.021  17.769039    18.4976     0.0093      0.021    -1.4894 0.0000e+00
    18.5076   0.000060      0.023  17.769097    18.5076     0.0093      0.023    -1.4913 0.0000e+00
    18.5073   0.000060      0.021  17.769155    18.5073     0.0093      0.021    -1.4913 0.0000e+00
    18.5036   0.000060      0.023  17.769213    18.5036     0.0093      0.023    -1.4906 0.0000e+00
    18.4942   0.000060      0.023  17.769271    18.4942     0.0093      0.023    -1.4888 0.0000e+00
    18.5022   0.000060      0.021  17.769329    18.5022     0.0093      0.021    -1.4903 0.0000e+00
    18.5271   0.000060      0.023  17.769387    18.5271     0.0093      0.023    -1.4950 0.0000e+00
    18.5366   0.000060      0.023  17.769444    18.5366     0.0093      0.023    -1.4968 0.0000e+00
    18.5197   0.000060      0.023  17.769502    18.5197     0.0093      0.023    -1.4936 0.0000e+00
    18.4883   0.000060      0.023  17.769560    18.4883     0.0093      0.023    -1.4876 0.0000e+00
    18.4785   0.000060      0.021  17.769618    18.4785     0.0093      0.021    -1.4858 0.0000e+00
    18.4712   0.000060      0.021  17.769676    18.4712     0.0093      0.021    -1.4844 0.0000e+00
