data/ctd_processed/stations_25-01-2017_processed.cnv
* Sea-Bird SBE37 Data File:
* FileName = C:\Documents and Settings\Usuário(a)\Desktop\CTD_LAGOA\stations_1-1911_piloto.asc
* Software Version 1.59
* Temperature SN = 2603
* Conductivity SN = 2603
* System UpLoad Time = Jan 27 2017 13:53:11
* ds
* SBE37-SM V 2.2  SERIAL NO. 2603    27 Jan 2017  13:26:10
# nquan = 9                                 
# nvalues = 1911                        
# units = metric
# name 0 = t090: temperature, ITS-90 [deg C]
# name 1 = c0S/m: conductivity [S/m]
# name 2 = pr: pressure [db]
# name 3 = timeJ: time [julian days]
# name 4 = potemp090C: Potential Temperature [ITS-90, deg C]
# name 5 = sal00: Salinity, Practical [PSU]
# name 6 = depSM: Depth [salt water, m], lat = 28.48
# name 7 = sigma-t00: Density [sigma-t, kg/m^3 ]
# name 8 = flag: flag
# span 0 =    22.1516,    31.8219       
# span 1 =   0.000040,   5.381540       
# span 2 =     -0.179,      7.837       
# span 3 =  25.591771,  25.761019       
# span 4 =    22.1516,    31.8219       
# span 5 =     0.0108,    34.7609       
# span 6 =     -0.178,      7.784       
# span 7 =    -4.9050,    22.8494       
# span 8 = 0.0000e+00, 0.0000e+00       
# interval = seconds: 5
# start_time = Jan 25 2017 15:37:22
# bad_flag = -9.990e-29
*END*
[from data line 961]
    23.0264   0.000080     -0.146  25.684132    23.0264     0.0111     -0.145    -2.4579 0.0000e+00
    22.8169   0.000080     -0.146  25.684213    22.8169     0.0110     -0.145    -2.4085 0.0000e+00
    22.7867   0.000080     -0.146  25.684294    22.7867     0.0110     -0.145    -2.4014 0.0000e+00
    22.8878   0.000080     -0.146  25.684375    22.8878     0.0111     -0.145    -2.4252 0.0000e+00
    22.7766   0.000080     -0.146  25.684456    22.7766     0.0110     -0.145    -2.3990 0.0000e+00
    22.7000   0.000080     -0.144  25.684537    22.7000     0.0110     -0.143    -2.3811 0.0000e+00
    22.5989   0.000080     -0.144  25.684618    22.5989     0.0110     -0.143    -2.3575 0.0000e+00
    22.8185   0.000080     -0.146  25.684699    22.8185     0.0110     -0.145    -2.4089 0.0000e+00
    22.7820   0.000080     -0.146  25.684780    22.7820     0.0110     -0.145    -2.4003 0.0000e+00
    22.7018   0.000080     -0.146  25.684861    22.7018     0.0110     -0.145    -2.3815 0.0000e+00
    22.7328   0.000080     -0.146  25.684942    22.7328     0.0110     -0.145    -2.3888 0.0000e+00
    22.6084   0.000080     -0.144  25.685023    22.6084     0.0110     -0.143    -2.3597 0.0000e+00
    22.6225   0.000080     -0.146  25.685104    22.6225     0.0110     -0.145    -2.3630 0.0000e+00
    22.5813   0.000080     -0.148  25.685185    22.5813     0.0110     -0.147    -2.3534 0.0000e+00
    22.4999   0.000080     -0.144  25.685266    22.4999     0.0109     -0.143    -2.3345 0.0000e+00
    22.3862   0.000080     -0.144  25.685347    22.3862     0.0109     -0.143    -2.3083 0.0000e+00
    22.4016   0.000080     -0.143  25.685428    22.4016     0.0109     -0.142    -2.3118 0.0000e+00
    22.2603   0.000080     -0.143  25.685509    22.2603     0.0108     -0.142    -2.2793 0.0000e+00
    22.2791   0.000080     -0.146  25.685590    22.2791     0.0108     -0.145    -2.2836 0.0000e+00
    22.3208   0.000080     -0.144  25.685671    22.3208     0.0109     -0.143    -2.2932 0.0000e+00
    22.1516   0.000080     -0.146  25.685752    22.1516     0.0108     -0.145    -2.2544 0.0000e+00
    22.3608   0.000080     -0.146  25.685833    22.3608     0.0109     -0.145    -2.3024 0.0000e+00
    22.3663   0.000080     -0.146  25.685914    22.3663     0.0109     -0.145    -2.3037 0.0000e+00
    22.4365   0.000080     -0.146  25.685995    22.4365     0.0109     -0.145    -2.3199 0.0000e+00
    22.2226   0.000080     -0.146  25.686076    22.2226     0.0108     -0.145    -2.2707 0.0000e+00
    22.3212   0.000080     -0.146  25.686157    22.3212     0.0109     -0.145    -2.2933 0.0000e+00
    22.4364   0.000080     -0.144  25.686238    22.4364     0.0109     -0.143    -2.3199 0.0000e+00
    22.4633   0.000080     -0.144  25.686319    22.4633     0.0109     -0.143    -2.3261 0.0000e+00
    22.4986   0.000080     -0.146  25.686400    22.4986     0.0109     -0.145    -2.3342 0.0000e+00
    22.4278   0.000070     -0.144  25.686481    22.4278     0.0109     -0.143    -2.3179 0.0000e+00
    22.3635   0.000080     -0.144  25.686562    22.3635     0.0109     -0.143    -2.3030 0.0000e+00
    22.3523   0.000080     -0.144  25.686644    22.3523     0.0109     -0.143    -2.3005 0.0000e+00
    22.4668   0.000080     -0.146  25.686725    22.4668     0.0109     -0.145    -2.3269 0.0000e+00
    22.6165   0.000070     -0.146  25.686806    22.6165     0.0110     -0.145    -2.3616 0.0000e+00
    22.7077   0.000080     -0.146  25.686887    22.7077     0.0110     -0.145    -2.3829 0.0000e+00
    22.8580   0.000070     -0.146  25.686968    22.8580     0.0111     -0.145    -2.4182 0.0000e+00
    22.9243   0.000070     -0.146  25.687049    22.9243     0.0111     -0.145    -2.4338 0.0000e+00
    22.9995   0.000070     -0.146  25.687130    22.9995     0.0111     -0.145    -2.4515 0.0000e+00
    23.0789   0.000070     -0.143  25.687211    23.0789     0.0111     -0.142    -2.4704 0.0000e+00
    23.2111   0.000070     -0.144  25.687292    23.2111     0.0112     -0.143    -2.5019 0.0000e+00
    23.2633   0.000070     -0.144  25.687373    23.2633     0.0112     -0.143    -2.5143 0.0000e+00
    23.2599   0.000070     -0.146  25.687454    23.2599     0.0112     -0.145    -2.5135 0.0000e+00
    23.2026   0.000070     -0.144  25.687535    23.2026     0.0112     -0.143    -2.4998 0.0000e+00
    23.1873   0.000080     -0.144  25.687616    23.1873     0.0112     -0.143    -2.4962 0.0000e+00
    23.1697   0.000070     -0.144  25.687697    23.1697     0.0112     -0.143    -2.4920 0.0000e+00
    23.1804   0.000070     -0.143  25.687778    23.1804     0.0112     -0.142    -2.4945 0.0000e+00
    23.1191   0.000070     -0.143  25.687859    23.1191     0.0112     -0.142    -2.4799 0.0000e+00
    23.1021   0.000070     -0.144  25.687940    23.1021     0.0112     -0.143    -2.4759 0.0000e+00
    23.0811   0.000070     -0.144  25.688021    23.0811     0.0111     -0.143    -2.4709 0.0000e+00
    23.0074   0.000070     -0.144  25.688102    23.0074     0.0111     -0.143    -2.4534 0.0000e+00
    23.0319   0.000070     -0.146  25.688183    23.0319     0.0111     -0.145    -2.4592 0.0000e+00
    23.0741   0.000070     -0.146  25.688264    23.0741     0.0111     -0.145    -2.4692 0.0000e+00
    23.0979   0.000070     -0.148  25.688345    23.0979     0.0112     -0.147    -2.4749 0.0000e+00
    23.1098   0.000070     -0.148  25.688426    23.1098     0.0112     -0.147    -2.4777 0.0000e+00
    23.0632   0.000070     -0.148  25.688507    23.0632     0.0111     -0.147    -2.4666 0.0000e+00
    23.0673   0.000070     -0.148  25.688588    23.0673     0.0111     -0.147    -2.4676 0.0000e+00
    23.0346   0.000070     -0.148  25.688669    23.0346     0.0111     -0.147    -2.4599 0.0000e+00
    23.0310   0.000070     -0.148  25.688750    23.0310     0.0111     -0.147    -2.4590 0.0000e+00
    23.0390   0.000070     -0.148  25.688831    23.0390     0.0111     -0.147    -2.4609 0.0000e+00
    23.0573   0.000070     -0.148  25.688912    23.0573     0.0111     -0.147    -2.4652 0.0000e+00
    23.0770   0.000070     -0.143  25.688993    23.0770     0.0111     -0.142    -2.4699 0.0000e+00
    23.0280   0.000070     -0.148  25.689074    23.0280     0.0111     -0.147    -2.4583 0.0000e+00
    23.0326   0.000070     -0.150  25.689155    23.0326     0.0111     -0.149    -2.4594 0.0000e+00
    22.9944   0.000070     -0.155  25.689236    22.9944     0.0111     -0.154    -2.4503 0.0000e+00
    22.9669   0.000070     -0.155  25.689317    22.9669     0.0111     -0.154    -2.4438 0.0000e+00
    22.9486   0.000070     -0.153  25.689398    22.9486     0.0111     -0.152    -2.4395 0.0000e+00
    23.0079   0.000070     -0.153  25.689479    23.0079     0.0111     -0.152    -2.4535 0.0000e+00
    22.9589   0.000070     -0.155  25.689560    22.9589     0.0111     -0.154    -2.4419 0.0000e+00
    22.8642   0.000070     -0.153  25.689641    22.8642     0.0111     -0.152    -2.4196 0.0000e+00
    22.8392   0.000070     -0.153  25.689722    22.8392     0.0111     -0.152    -2.4137 0.0000e+00
    22.8072   0.000070     -0.155  25.689803    22.8072     0.0110     -0.154    -2.4062 0.0000e+00
    22.8152   0.000070     -0.153  25.689884    22.8152     0.0110     -0.152    -2.4081 0.0000e+00
    22.8230   0.000070     -0.153  25.689965    22.8230     0.0111     -0.152    -2.4099 0.0000e+00
    22.8596   0.000070     -0.155  25.690046    22.8596     0.0111     -0.154    -2.4185 0.0000e+00
    22.8795   0.000070     -0.153  25.690127    22.8795     0.0111     -0.152    -2.4232 0.0000e+00
    22.8945   0.000070     -0.155  25.690208    22.8945     0.0111     -0.154    -2.4268 0.0000e+00
    22.8850   0.000070     -0.153  25.690289    22.8850     0.0111     -0.152    -2.4245 0.0000e+00
    22.8362   0.000070     -0.153  25.690370    22.8362     0.0111     -0.152    -2.4130 0.0000e+00
    22.8328   0.000070     -0.155  25.690451    22.8328     0.0111     -0.154    -2.4122 0.0000e+00
    22.8721   0.000070     -0.155  25.690532    22.8721     0.0111     -0.154    -2.4215 0.0000e+00
    22.9338   0.000070     -0.155  25.690613    22.9338     0.0111     -0.154    -2.4360 0.0000e+00
    23.0151   0.000070     -0.155  25.690694    23.0151     0.0111     -0.154    -2.4552 0.0000e+00
    22.9764   0.000070     -0.155  25.690775    22.9764     0.0111     -0.154    -2.4461 0.0000e+00
    22.9235   0.000070     -0.155  25.690856    22.9235     0.0111     -0.154    -2.4336 0.0000e+00
    22.9495   0.000070     -0.155  25.690938    22.9495     0.0111     -0.154    -2.4397 0.0000e+00
    22.8846   0.000070     -0.155  25.691019    22.8846     0.0111     -0.154    -2.4244 0.0000e+00
    22.8237   0.000070     -0.155  25.691100    22.8237     0.0111     -0.154    -2.4101 0.0000e+00
    22.8940   0.000070     -0.157  25.691181    22.8940     0.0111     -0.156    -2.4266 0.0000e+00
    22.9166   0.000070     -0.157  25.691262    22.9166     0.0111     -0.156    -2.4320 0.0000e+00
    22.9959   0.000070     -0.155  25.691343    22.9959     0.0111     -0.154    -2.4507 0.0000e+00
    23.0589   0.000070     -0.157  25.691424    23.0589     0.0111     -0.156    -2.4656 0.0000e+00
    23.1215   0.000070     -0.157  25.691505    23.1215     0.0112     -0.156    -2.4805 0.0000e+00
    23.1680   0.000070     -0.157  25.691586    23.1680     0.0112     -0.156    -2.4916 0.0000e+00
    23.2803   0.000070     -0.157  25.691667    23.2803     0.0112     -0.156    -2.5184 0.0000e+00
    23.3687   0.000070     -0.157  25.691748    23.3687     0.0113     -0.156    -2.5396 0.0000e+00
    23.3749   0.000070     -0.157  25.691829    23.3749     0.0113     -0.156    -2.5411 0.0000e+00
    23.3846   0.000070     -0.157  25.691910    23.3846     0.0113     -0.156    -2.5434 0.0000e+00
    23.3241   0.000070     -0.159  25.691991    23.3241     0.0112     -0.158    -2.5289 0.0000e+00
    23.2309   0.000070     -0.157  25.692072    23.2309     0.0112     -0.156    -2.5066 0.0000e+00
    23.1812   0.000070     -0.157  25.692153    23.1812     0.0112     -0.156    -2.4947 0.0000e+00
    23.1844   0.000070     -0.159  25.692234    23.1844     0.0112     -0.158    -2.4955 0.0000e+00
    23.2967   0.000070     -0.159  25.692315    23.2967     0.0112     -0.158    -2.5223 0.0000e+00
    23.2310   0.000070     -0.159  25.692396    23.2310     0.0112     -0.158    -2.5066 0.0000e+00
    23.2962   0.000070     -0.157  25.692477    23.2962     0.0112     -0.156    -2.5222 0.0000e+00
    23.3641   0.000070     -0.159  25.692558    23.3641     0.0113     -0.158    -2.5385 0.0000e+00
    23.3743   0.000070     -0.159  25.692639    23.3743     0.0113     -0.158    -2.5410 0.0000e+00
    23.2862   0.000070     -0.159  25.692720    23.2862     0.0112     -0.158    -2.5198 0.0000e+00
    23.2535   0.000070     -0.159  25.692801    23.2535     0.0112     -0.158    -2.5120 0.0000e+00
    23.3040   0.000070     -0.159  25.692882    23.3040     0.0112     -0.158    -2.5241 0.0000e+00
    23.2549   0.000070     -0.159  25.692963    23.2549     0.0112     -0.158    -2.5123 0.0000e+00
    23.2796   0.000070     -0.159  25.693044    23.2796     0.0112     -0.158    -2.5182 0.0000e+00
    23.3744   0.000070     -0.159  25.693125    23.3744     0.0113     -0.158    -2.5410 0.0000e+00
    23.4423   0.000070     -0.159  25.693206    23.4423     0.0113     -0.158    -2.5573 0.0000e+00
    23.3900   0.000070     -0.159  25.693287    23.3900     0.0113     -0.158    -2.5447 0.0000e+00
    23.3914   0.000070     -0.159  25.693368    23.3914     0.0113     -0.158    -2.5451 0.0000e+00
    23.3836   0.000070     -0.159  25.693449    23.3836     0.0113     -0.158    -2.5432 0.0000e+00
    23.3405   0.000070     -0.159  25.693530    23.3405     0.0112     -0.158    -2.5328 0.0000e+00
    23.3414   0.000070     -0.159  25.693611    23.3414     0.0112     -0.158    -2.5330 0.0000e+00
    23.4159   0.000070     -0.159  25.693692    23.4159     0.0113     -0.158    -2.5510 0.0000e+00
    23.4749   0.000070     -0.159  25.693773    23.4749     0.0113     -0.158    -2.5652 0.0000e+00
    23.5055   0.000070     -0.159  25.693854    23.5055     0.0113     -0.158    -2.5726 0.0000e+00
    23.5550   0.000070     -0.159  25.693935    23.5550     0.0113     -0.158    -2.5845 0.0000e+00
    23.5692   0.000070     -0.159  25.694016    23.5692     0.0113     -0.158    -2.5880 0.0000e+00
    23.5139   0.000070     -0.159  25.694097    23.5139     0.0113     -0.158    -2.5746 0.0000e+00
    23.4951   0.000070     -0.159  25.694178    23.4951     0.0113     -0.158    -2.5701 0.0000e+00
    23.5024   0.000070     -0.159  25.694259    23.5024     0.0113     -0.158    -2.5718 0.0000e+00
    23.4099   0.000070     -0.159  25.694340    23.4099     0.0113     -0.158    -2.5495 0.0000e+00
    23.3968   0.000070     -0.159  25.694421    23.3968     0.0113     -0.158    -2.5464 0.0000e+00
    23.4496   0.000070     -0.159  25.694502    23.4496     0.0113     -0.158    -2.5591 0.0000e+00
    23.4786   0.000070     -0.159  25.694583    23.4786     0.0113     -0.158    -2.5661 0.0000e+00
    23.4993   0.000070     -0.159  25.694664    23.4993     0.0113     -0.158    -2.5711 0.0000e+00
    23.5441   0.000070     -0.159  25.694745    23.5441     0.0113     -0.158    -2.5819 0.0000e+00
    23.6382   0.000070     -0.161  25.694826    23.6382     0.0114     -0.160    -2.6047 0.0000e+00
    23.7571   0.000070     -0.159  25.694907    23.7571     0.0114     -0.158    -2.6337 0.0000e+00
    23.8113   0.000060     -0.159  25.694988    23.8113     0.0114     -0.158    -2.6469 0.0000e+00
    23.8501   0.000070     -0.159  25.695069    23.8501     0.0114     -0.158    -2.6564 0.0000e+00
    23.9103   0.000060     -0.159  25.695150    23.9103     0.0115     -0.158    -2.6712 0.0000e+00
    23.9794   0.000060     -0.161  25.695231    23.9794     0.0115     -0.160    -2.6882 0.0000e+00
    24.0231   0.000060     -0.161  25.695313    24.0231     0.0115     -0.160    -2.6990 0.0000e+00
    23.9386   0.000060     -0.159  25.695394    23.9386     0.0115     -0.158    -2.6781 0.0000e+00
    23.8759   0.000060     -0.159  25.695475    23.8759     0.0115     -0.158    -2.6627 0.0000e+00
    23.8553   0.000070     -0.159  25.695556    23.8553     0.0114     -0.158    -2.6577 0.0000e+00
    23.8156   0.000060     -0.159  25.695637    23.8156     0.0114     -0.158    -2.6480 0.0000e+00
    23.8489   0.000060     -0.159  25.695718    23.8489     0.0114     -0.158    -2.6561 0.0000e+00
    23.8071   0.000060     -0.159  25.695799    23.8071     0.0114     -0.158    -2.6459 0.0000e+00
    23.8286   0.000070     -0.159  25.695880    23.8286     0.0114     -0.158    -2.6512 0.0000e+00
    23.8033   0.000070     -0.159  25.695961    23.8033     0.0114     -0.158    -2.6450 0.0000e+00
    23.7256   0.000070     -0.159  25.696042    23.7256     0.0114     -0.158    -2.6260 0.0000e+00
    23.7315   0.000070     -0.159  25.696123    23.7315     0.0114     -0.158    -2.6274 0.0000e+00
    23.7620   0.000060     -0.159  25.696204    23.7620     0.0114     -0.158    -2.6349 0.0000e+00
    23.8598   0.000070     -0.159  25.696285    23.8598     0.0114     -0.158    -2.6588 0.0000e+00
    23.8659   0.000060     -0.159  25.696366    23.8659     0.0114     -0.158    -2.6603 0.0000e+00
    23.9406   0.000060     -0.159  25.696447    23.9406     0.0115     -0.158    -2.6786 0.0000e+00
    23.9810   0.000060     -0.159  25.696528    23.9810     0.0115     -0.158    -2.6886 0.0000e+00
    24.0019   0.000060     -0.159  25.696609    24.0019     0.0115     -0.158    -2.6937 0.0000e+00
    24.0429   0.000070     -0.159  25.696690    24.0429     0.0115     -0.158    -2.7039 0.0000e+00
    24.0780   0.000060     -0.159  25.696771    24.0780     0.0115     -0.158    -2.7125 0.0000e+00
    24.0974   0.000060     -0.159  25.696852    24.0974     0.0115     -0.158    -2.7173 0.0000e+00
    24.1442   0.000060     -0.159  25.696933    24.1442     0.0116     -0.158    -2.7289 0.0000e+00
