data/ctd_processed/stations_25-01-2017_processed.cnv
* Sea-Bird SBE37 Data File:
* FileName = C:\Documents and Settings\Usuário(a)\Desktop\CTD_LAGOA\stations_1-1911_piloto.asc
* Software Version 1.59
* Temperature SN = 2603
* Conductivity SN = 2603
* System UpLoad Time = Jan 27 2017 13:53:11
* ds
* SBE37-SM V 2.2  SERIAL NO. 2603    27 Jan 2017  13:26:10
# nquan = 9                                 
# nvalues = 1911                        
# units = metric
# name 0 = t090: temperature, ITS-90 [deg C]
# name 1 = c0S/m: conductivity [S/m]
# name 2 = pr: pressure [db]
# name 3 = timeJ: time [julian days]
# name 4 = potemp090C: Potential Temperature [ITS-90, deg C]
# name 5 = sal00: Salinity, Practical [PSU]
# name 6 = depSM: Depth [salt water, m], lat = 28.48
# name 7 = sigma-t00: Density [sigma-t, kg/m^3 ]
# name 8 = flag: flag
# span 0 =    22.1516,    31.8219       
# span 1 =   0.000040,   5.381540       
# span 2 =     -0.179,      7.837       
# span 3 =  25.591771,  25.761019       
# span 4 =    22.1516,    31.8219       
# span 5 =     0.0108,    34.7609       
# span 6 =     -0.178,      7.784       
# span 7 =    -4.9050,    22.8494       
# span 8 = 0.0000e+00, 0.0000e+00       
# interval = seconds: 5
# start_time = Jan 25 2017 15:37:22
# bad_flag = -9.990e-29
*END*
[from data line 641]
    26.2337   4.822270      4.828  25.658206    26.2326    30.5935      4.796    19.6411 0.0000e+00
    26.2338   4.813540      4.585  25.658287    26.2328    30.5316      4.554    19.5945 0.0000e+00
    26.5114   4.706930      4.039  25.658368    26.5105    29.5983      4.012    18.8071 0.0000e+00
    26.6917   4.572890      3.573  25.658449    26.6909    28.5477      3.549    17.9620 0.0000e+00
    26.9539   4.407920      2.879  25.658530    26.9533    27.2482      2.860    16.9056 0.0000e+00
    27.3926   4.224930      2.332  25.658611    27.3921    25.7501      2.316    15.6466 0.0000e+00
    27.6331   3.815540      1.789  25.658692    27.6327    22.8795      1.777    13.4235 0.0000e+00
    28.0814   3.549430      1.168  25.658773    28.0811    20.9226      1.160    11.8222 0.0000e+00
    28.0959   2.568050      0.514  25.658854    28.0958    14.6532      0.511     7.1413 0.0000e+00
    28.0815   2.453290      0.253  25.658935    28.0814    13.9424      0.251     6.6160 0.0000e+00
    28.0631   2.064170     -0.026  25.659016    28.0631    11.5512     -0.026     4.8399 0.0000e+00
    27.1473   0.032490     -0.128  25.659097    27.1473     0.1504     -0.127    -3.4123 0.0000e+00
    26.7598   0.000070     -0.126  25.659178    26.7598     0.0125     -0.125    -3.4099 0.0000e+00
    26.6324   0.000060     -0.128  25.659259    26.6324     0.0124     -0.127    -3.3752 0.0000e+00
    26.5765   0.000070     -0.128  25.659340    26.5765     0.0124     -0.127    -3.3601 0.0000e+00
    26.5234   0.000060     -0.130  25.659421    26.5234     0.0124     -0.129    -3.3457 0.0000e+00
    26.4264   0.000060     -0.130  25.659502    26.4264     0.0124     -0.129    -3.3195 0.0000e+00
    26.2973   0.000070     -0.134  25.659583    26.2973     0.0123     -0.133    -3.2848 0.0000e+00
    26.1973   0.000060     -0.134  25.659664    26.1973     0.0123     -0.133    -3.2580 0.0000e+00
    26.1178   0.000060     -0.134  25.659745    26.1178     0.0123     -0.133    -3.2368 0.0000e+00
    26.0641   0.000070     -0.135  25.659826    26.0641     0.0122     -0.134    -3.2225 0.0000e+00
    26.0406   0.000070     -0.135  25.659907    26.0406     0.0122     -0.134    -3.2162 0.0000e+00
    25.9899   0.000070     -0.135  25.659988    25.9899     0.0122     -0.134    -3.2028 0.0000e+00
    25.9733   0.000070     -0.135  25.660069    25.9733     0.0122     -0.134    -3.1984 0.0000e+00
    25.8719   0.000070     -0.137  25.660150    25.8719     0.0122     -0.136    -3.1715 0.0000e+00
    25.7867   0.000070     -0.137  25.660231    25.7867     0.0121     -0.136    -3.1490 0.0000e+00
    25.7026   0.000070     -0.137  25.660313    25.7026     0.0121     -0.136    -3.1269 0.0000e+00
    25.6212   0.000070     -0.139  25.660394    25.6212     0.0121     -0.138    -3.1055 0.0000e+00
    25.5856   0.000070     -0.137  25.660475    25.5856     0.0121     -0.136    -3.0962 0.0000e+00
    25.5775   0.000070     -0.139  25.660556    25.5775     0.0121     -0.138    -3.0941 0.0000e+00
    25.5706   0.000060     -0.139  25.660637    25.5706     0.0121     -0.138    -3.0923 0.0000e+00
    25.5381   0.000070     -0.139  25.660718    25.5381     0.0120     -0.138    -3.0838 0.0000e+00
    25.5575   0.000070     -0.139  25.660799    25.5575     0.0120     -0.138    -3.0888 0.0000e+00
    25.5226   0.000070     -0.141  25.660880    25.5226     0.0120     -0.140    -3.0797 0.0000e+00
    25.5193   0.000070     -0.141  25.660961    25.5193     0.0120     -0.140    -3.0789 0.0000e+00
    25.5608   0.000070     -0.139  25.661042    25.5608     0.0120     -0.138    -3.0897 0.0000e+00
    25.6445   0.000070     -0.141  25.661123    25.6445     0.0121     -0.140    -3.1116 0.0000e+00
    25.7698   0.000060     -0.141  25.661204    25.7698     0.0121     -0.140    -3.1445 0.0000e+00
    25.8431   0.000070     -0.141  25.661285    25.8431     0.0121     -0.140    -3.1639 0.0000e+00
    25.8318   0.000060     -0.139  25.661366    25.8318     0.0122     -0.138    -3.1609 0.0000e+00
    25.7724   0.000060     -0.139  25.661447    25.7724     0.0121     -0.138    -3.1452 0.0000e+00
    25.7429   0.000070     -0.141  25.661528    25.7429     0.0121     -0.140    -3.1375 0.0000e+00
    25.6978   0.000070     -0.135  25.661609    25.6978     0.0121     -0.134    -3.1256 0.0000e+00
    25.6217   0.000070     -0.137  25.661690    25.6217     0.0121     -0.136    -3.1056 0.0000e+00
    25.7197   0.000070     -0.137  25.661771    25.7197     0.0121     -0.136    -3.1314 0.0000e+00
    25.7994   0.000070     -0.137  25.661852    25.7994     0.0121     -0.136    -3.1524 0.0000e+00
    25.7050   0.000060     -0.135  25.661933    25.7050     0.0121     -0.134    -3.1275 0.0000e+00
    25.6813   0.000070     -0.134  25.662014    25.6813     0.0121     -0.133    -3.1213 0.0000e+00
    25.7478   0.000070     -0.134  25.662095    25.7478     0.0121     -0.133    -3.1388 0.0000e+00
    25.7143   0.000070     -0.135  25.662176    25.7143     0.0121     -0.134    -3.1300 0.0000e+00
    25.5927   0.000070     -0.135  25.662257    25.5927     0.0121     -0.134    -3.0981 0.0000e+00
    25.5992   0.000070     -0.135  25.662338    25.5992     0.0121     -0.134    -3.0998 0.0000e+00
    25.6920   0.000070     -0.137  25.662419    25.6920     0.0121     -0.136    -3.1241 0.0000e+00
    25.6901   0.000070     -0.137  25.662500    25.6901     0.0121     -0.136    -3.1236 0.0000e+00
    25.5936   0.000070     -0.137  25.662581    25.5936     0.0121     -0.136    -3.0983 0.0000e+00
    25.6140   0.000070     -0.139  25.662662    25.6140     0.0121     -0.138    -3.1036 0.0000e+00
    25.5927   0.000070     -0.139  25.662743    25.5927     0.0121     -0.138    -3.0981 0.0000e+00
    25.7067   0.000070     -0.139  25.662824    25.7067     0.0121     -0.138    -3.1280 0.0000e+00
    25.8500   0.000060     -0.137  25.662905    25.8500     0.0122     -0.136    -3.1657 0.0000e+00
    26.9961   1.996930      0.030  25.662986    26.9961    11.3950      0.030     5.0376 0.0000e+00
    28.5563   2.403270      0.008  25.663067    28.5563    13.4976      0.008     6.1404 0.0000e+00
    28.7755   2.707390     -0.006  25.663148    28.7755    15.3084     -0.006     7.4212 0.0000e+00
    28.4426   2.755750      0.142  25.663229    28.4426    15.7168      0.141     7.8280 0.0000e+00
    28.7748   2.748110     -0.038  25.663310    28.7748    15.5612     -0.038     7.6097 0.0000e+00
    28.3935   2.873500      0.428  25.663391    28.3934    16.4720      0.425     8.4059 0.0000e+00
    28.3972   2.965390      0.823  25.663472    28.3970    17.0501      0.817     8.8356 0.0000e+00
    28.3998   2.963080      1.066  25.663553    28.3996    17.0346      1.059     8.8232 0.0000e+00
    28.4006   3.001450      1.073  25.663634    28.4004    17.2769      1.066     9.0036 0.0000e+00
    28.4004   3.006560      0.917  25.663715    28.4002    17.3093      0.911     9.0278 0.0000e+00
    28.3988   3.011460      0.985  25.663796    28.3986    17.3409      0.978     9.0518 0.0000e+00
    28.3952   3.013440      0.393  25.663877    28.3951    17.3548      0.390     9.0633 0.0000e+00
    28.3891   3.001250      0.143  25.663958    28.3891    17.2799      0.142     9.0094 0.0000e+00
    28.5179   0.178390     -0.135  25.664039    28.5179     0.8382     -0.134    -3.2836 0.0000e+00
    27.5515   0.000060     -0.139  25.664120    27.5515     0.0127     -0.138    -3.6286 0.0000e+00
    27.1866   0.000060     -0.139  25.664201    27.1866     0.0126     -0.138    -3.5271 0.0000e+00
    26.9985   0.000070     -0.139  25.664282    26.9985     0.0125     -0.138    -3.4752 0.0000e+00
    26.8576   0.000070     -0.139  25.664363    26.8576     0.0125     -0.138    -3.4366 0.0000e+00
    26.8142   0.000070     -0.141  25.664444    26.8142     0.0125     -0.140    -3.4247 0.0000e+00
    26.7200   0.000070     -0.141  25.664525    26.7200     0.0124     -0.140    -3.3991 0.0000e+00
    26.6757   0.000070     -0.143  25.664606    26.6757     0.0124     -0.142    -3.3870 0.0000e+00
    26.5404   0.000070     -0.143  25.664687    26.5404     0.0124     -0.142    -3.3503 0.0000e+00
    26.3999   0.000070     -0.143  25.664769    26.3999     0.0123     -0.142    -3.3124 0.0000e+00
    26.3798   0.000070     -0.143  25.664850    26.3798     0.0123     -0.142    -3.3070 0.0000e+00
    26.3779   0.000070     -0.143  25.664931    26.3779     0.0123     -0.142    -3.3065 0.0000e+00
    26.3738   0.000070     -0.143  25.665012    26.3738     0.0123     -0.142    -3.3054 0.0000e+00
    26.3711   0.000070     -0.143  25.665093    26.3711     0.0123     -0.142    -3.3046 0.0000e+00
    26.1090   0.000070     -0.143  25.665174    26.1090     0.0122     -0.142    -3.2344 0.0000e+00
    25.9873   0.000070     -0.144  25.665255    25.9873     0.0122     -0.143    -3.2021 0.0000e+00
    25.9032   0.000080     -0.144  25.665336    25.9032     0.0122     -0.143    -3.1798 0.0000e+00
    25.7849   0.000080     -0.144  25.665417    25.7849     0.0121     -0.143    -3.1485 0.0000e+00
    25.7056   0.000070     -0.146  25.665498    25.7056     0.0121     -0.145    -3.1277 0.0000e+00
    25.8082   0.000070     -0.150  25.665579    25.8082     0.0121     -0.149    -3.1547 0.0000e+00
    25.6964   0.000070     -0.150  25.665660    25.6964     0.0121     -0.149    -3.1252 0.0000e+00
    25.6812   0.000070     -0.150  25.665741    25.6812     0.0121     -0.149    -3.1213 0.0000e+00
    25.5393   0.000080     -0.150  25.665822    25.5393     0.0120     -0.149    -3.0841 0.0000e+00
    25.4503   0.000070     -0.150  25.665903    25.4503     0.0120     -0.149    -3.0609 0.0000e+00
    25.3917   0.000070     -0.152  25.665984    25.3917     0.0120     -0.151    -3.0456 0.0000e+00
    25.4048   0.000070     -0.152  25.666065    25.4048     0.0120     -0.151    -3.0490 0.0000e+00
    25.3667   0.000070     -0.152  25.666146    25.3667     0.0120     -0.151    -3.0391 0.0000e+00
    25.3215   0.000080     -0.146  25.666227    25.3215     0.0120     -0.145    -3.0274 0.0000e+00
    25.4225   0.000080     -0.146  25.666308    25.4225     0.0120     -0.145    -3.0537 0.0000e+00
    25.4286   0.000070     -0.146  25.666389    25.4286     0.0120     -0.145    -3.0552 0.0000e+00
    25.4146   0.000070     -0.144  25.666470    25.4146     0.0120     -0.143    -3.0516 0.0000e+00
    25.3774   0.000070     -0.144  25.666551    25.3774     0.0120     -0.143    -3.0419 0.0000e+00
    25.4291   0.000070     -0.144  25.666632    25.4291     0.0120     -0.143    -3.0554 0.0000e+00
    25.4168   0.000070     -0.144  25.666713    25.4168     0.0120     -0.143    -3.0522 0.0000e+00
    25.4482   0.000070     -0.146  25.666794    25.4482     0.0120     -0.145    -3.0603 0.0000e+00
    25.3799   0.000070     -0.146  25.666875    25.3799     0.0120     -0.145    -3.0426 0.0000e+00
    25.3676   0.000070     -0.146  25.666956    25.3676     0.0120     -0.145    -3.0394 0.0000e+00
    25.4149   0.000070     -0.146  25.667037    25.4149     0.0120     -0.145    -3.0517 0.0000e+00
    25.5005   0.000070     -0.146  25.667118    25.5005     0.0120     -0.145    -3.0740 0.0000e+00
    25.2411   0.000060     -0.146  25.667199    25.2411     0.0119     -0.145    -3.0066 0.0000e+00
    25.2581   0.000060     -0.144  25.667280    25.2581     0.0120     -0.143    -3.0110 0.0000e+00
    25.3703   0.000060     -0.144  25.667361    25.3703     0.0120     -0.143    -3.0401 0.0000e+00
    25.4081   0.000060     -0.144  25.667442    25.4081     0.0120     -0.143    -3.0499 0.0000e+00
    24.9858   0.000060     -0.143  25.667523    24.9858     0.0119     -0.142    -2.9409 0.0000e+00
    24.9775   0.000060     -0.143  25.667604    24.9775     0.0119     -0.142    -2.9388 0.0000e+00
    25.1004   0.000080     -0.137  25.667685    25.1004     0.0119     -0.136    -2.9704 0.0000e+00
    25.1725   0.000070     -0.137  25.667766    25.1725     0.0119     -0.136    -2.9889 0.0000e+00
    25.3050   0.000070     -0.139  25.667847    25.3050     0.0120     -0.138    -3.0231 0.0000e+00
    25.4365   0.000070     -0.141  25.667928    25.4365     0.0120     -0.140    -3.0573 0.0000e+00
    25.5570   0.000070     -0.143  25.668009    25.5570     0.0120     -0.142    -3.0887 0.0000e+00
    25.7319   0.000070     -0.139  25.668090    25.7319     0.0121     -0.138    -3.1346 0.0000e+00
    25.7450   0.000070     -0.141  25.668171    25.7450     0.0121     -0.140    -3.1380 0.0000e+00
    25.6255   0.000070     -0.141  25.668252    25.6255     0.0121     -0.140    -3.1066 0.0000e+00
    25.4268   0.000070     -0.141  25.668333    25.4268     0.0120     -0.140    -3.0548 0.0000e+00
    25.2122   0.000070     -0.143  25.668414    25.2122     0.0119     -0.142    -2.9992 0.0000e+00
    25.1749   0.000070     -0.143  25.668495    25.1749     0.0119     -0.142    -2.9895 0.0000e+00
    25.3275   0.000070     -0.144  25.668576    25.3275     0.0120     -0.143    -3.0290 0.0000e+00
    25.4921   0.000070     -0.144  25.668657    25.4921     0.0120     -0.143    -3.0718 0.0000e+00
    25.5295   0.000070     -0.144  25.668738    25.5295     0.0120     -0.143    -3.0815 0.0000e+00
    25.5840   0.000070     -0.146  25.668819    25.5840     0.0121     -0.145    -3.0958 0.0000e+00
    25.6212   0.000070     -0.144  25.668900    25.6212     0.0121     -0.143    -3.1055 0.0000e+00
    25.6032   0.000070     -0.144  25.668981    25.6032     0.0121     -0.143    -3.1008 0.0000e+00
    25.6418   0.000070     -0.144  25.669062    25.6418     0.0121     -0.143    -3.1109 0.0000e+00
    25.5786   0.000070     -0.144  25.669144    25.5786     0.0121     -0.143    -3.0944 0.0000e+00
    25.5172   0.000070     -0.144  25.669225    25.5172     0.0120     -0.143    -3.0783 0.0000e+00
    25.5550   0.000070     -0.144  25.669306    25.5550     0.0120     -0.143    -3.0882 0.0000e+00
    25.5781   0.000070     -0.146  25.669387    25.5781     0.0121     -0.145    -3.0942 0.0000e+00
    25.6639   0.000070     -0.146  25.669468    25.6639     0.0121     -0.145    -3.1167 0.0000e+00
    25.6918   0.000070     -0.146  25.669549    25.6918     0.0121     -0.145    -3.1240 0.0000e+00
    25.7461   0.000070     -0.146  25.669630    25.7461     0.0121     -0.145    -3.1383 0.0000e+00
    25.7574   0.000070     -0.146  25.669711    25.7574     0.0121     -0.145    -3.1413 0.0000e+00
    25.7776   0.000070     -0.146  25.669792    25.7776     0.0121     -0.145    -3.1466 0.0000e+00
    25.6310   0.000070     -0.146  25.669873    25.6310     0.0121     -0.145    -3.1081 0.0000e+00
    25.4065   0.000070     -0.146  25.669954    25.4065     0.0120     -0.145    -3.0495 0.0000e+00
    25.3508   0.000070     -0.146  25.670035    25.3508     0.0120     -0.145    -3.0350 0.0000e+00
    25.1274   0.000070     -0.146  25.670116    25.1274     0.0119     -0.145    -2.9773 0.0000e+00
    25.0410   0.000080     -0.144  25.670197    25.0410     0.0119     -0.143    -2.9551 0.0000e+00
    25.3545   0.000070     -0.148  25.670278    25.3545     0.0120     -0.147    -3.0360 0.0000e+00
    29.2442   2.701150     -0.058  25.670359    29.2442    15.1226     -0.058     7.1370 0.0000e+00
    29.3322   2.687770     -0.042  25.670440    29.3322    15.0133     -0.042     7.0282 0.0000e+00
    29.3559   2.702660     -0.035  25.670521    29.3559    15.0971     -0.035     7.0831 0.0000e+00
    29.3673   2.728600      0.208  25.670602    29.3673    15.2524      0.207     7.1950 0.0000e+00
    29.3746   2.719490      0.410  25.670683    29.3745    15.1943      0.407     7.1495 0.0000e+00
    29.4258   2.727310      0.798  25.670764    29.4256    15.2261      0.793     7.1571 0.0000e+00
    29.4828   2.728340      0.920  25.670845    29.4826    15.2146      0.914     7.1305 0.0000e+00
    29.5094   2.754230      0.969  25.670926    29.5092    15.3646      0.963     7.2337 0.0000e+00
    29.4797   2.785120      0.739  25.671007    29.4795    15.5632      0.734     7.3908 0.0000e+00
