data/ctd_processed/stations_25-01-2017_processed.cnv
* Sea-Bird SBE37 Data File:
* FileName = C:\Documents and Settings\Usuário(a)\Desktop\CTD_LAGOA\stations_1-1911_piloto.asc
* Software Version 1.59
* Temperature SN = 2603
* Conductivity SN = 2603
* System UpLoad Time = Jan 27 2017 13:53:11
* ds
* SBE37-SM V 2.2  SERIAL NO. 2603    27 Jan 2017  13:26:10
# nquan = 9                                 
# nvalues = 1911                        
# units = metric
# name 0 = t090: temperature, ITS-90 [deg C]
# name 1 = c0S/m: conductivity [S/m]
# name 2 = pr: pressure [db]
# name 3 = timeJ: time [julian days]
# name 4 = potemp090C: Potential Temperature [ITS-90, deg C]
# name 5 = sal00: Salinity, Practical [PSU]
# name 6 = depSM: Depth [salt water, m], lat = 28.48
# name 7 = sigma-t00: Density [sigma-t, kg/m^3 ]
# name 8 = flag: flag
# span 0 =    22.1516,    31.8219       
# span 1 =   0.000040,   5.381540       
# span 2 =     -0.179,      7.837       
# span 3 =  25.591771,  25.761019       
# span 4 =    22.1516,    31.8219       
# span 5 =     0.0108,    34.7609       
# span 6 =     -0.178,      7.784       
# span 7 =    -4.9050,    22.8494       
# span 8 = 0.0000e+00, 0.0000e+00       
# interval = seconds: 5
# start_time = Jan 25 2017 15:37:22
# bad_flag = -9.990e-29
*END*
[from data line 1121]
    24.1536   0.000060     -0.159  25.697095    24.1536     0.0116     -0.158    -2.7312 0.0000e+00
    24.2166   0.000070     -0.159  25.697176    24.2166     0.0116     -0.158    -2.7469 0.0000e+00
    24.3804   0.000070     -0.159  25.697257    24.3804     0.0116     -0.158    -2.7877 0.0000e+00
    24.3616   0.000060     -0.159  25.697338    24.3616     0.0116     -0.158    -2.7830 0.0000e+00
    24.3990   0.000060     -0.159  25.697419    24.3990     0.0116     -0.158    -2.7924 0.0000e+00
    24.4419   0.000060     -0.159  25.697500    24.4419     0.0117     -0.158    -2.8031 0.0000e+00
    24.4901   0.000060     -0.159  25.697581    24.4901     0.0117     -0.158    -2.8152 0.0000e+00
    24.5408   0.000060     -0.159  25.697662    24.5408     0.0117     -0.158    -2.8280 0.0000e+00
    24.5332   0.000060     -0.159  25.697743    24.5332     0.0117     -0.158    -2.8261 0.0000e+00
    24.5257   0.000060     -0.159  25.697824    24.5257     0.0117     -0.158    -2.8242 0.0000e+00
    24.5112   0.000070     -0.159  25.697905    24.5112     0.0117     -0.158    -2.8205 0.0000e+00
    24.4752   0.000070     -0.159  25.697986    24.4752     0.0117     -0.158    -2.8115 0.0000e+00
    24.4890   0.000060     -0.159  25.698067    24.4890     0.0117     -0.158    -2.8150 0.0000e+00
    24.4150   0.000060     -0.159  25.698148    24.4150     0.0116     -0.158    -2.7964 0.0000e+00
    24.4827   0.000060     -0.159  25.698229    24.4827     0.0117     -0.158    -2.8134 0.0000e+00
    24.5068   0.000060     -0.159  25.698310    24.5068     0.0117     -0.158    -2.8194 0.0000e+00
    24.5436   0.000060     -0.159  25.698391    24.5436     0.0117     -0.158    -2.8287 0.0000e+00
    24.5006   0.000060     -0.159  25.698472    24.5006     0.0117     -0.158    -2.8179 0.0000e+00
    24.4612   0.000060     -0.159  25.698553    24.4612     0.0117     -0.158    -2.8080 0.0000e+00
    24.5048   0.000070     -0.159  25.698634    24.5048     0.0117     -0.158    -2.8189 0.0000e+00
    24.5805   0.000070     -0.159  25.698715    24.5805     0.0117     -0.158    -2.8380 0.0000e+00
    24.6377   0.000060     -0.159  25.698796    24.6377     0.0117     -0.158    -2.8524 0.0000e+00
    24.5863   0.000070     -0.157  25.698877    24.5863     0.0117     -0.156    -2.8395 0.0000e+00
    24.6151   0.000060     -0.159  25.698958    24.6151     0.0117     -0.158    -2.8467 0.0000e+00
    24.5924   0.000060     -0.157  25.699039    24.5924     0.0117     -0.156    -2.8410 0.0000e+00
    24.6218   0.000060     -0.157  25.699120    24.6218     0.0117     -0.156    -2.8484 0.0000e+00
    24.6924   0.000060     -0.157  25.699201    24.6924     0.0118     -0.156    -2.8663 0.0000e+00
    24.7612   0.000060     -0.157  25.699282    24.7612     0.0118     -0.156    -2.8837 0.0000e+00
    24.8281   0.000060     -0.157  25.699363    24.8281     0.0118     -0.156    -2.9007 0.0000e+00
    24.8779   0.000060     -0.159  25.699444    24.8779     0.0118     -0.158    -2.9134 0.0000e+00
    24.8967   0.000060     -0.157  25.699525    24.8967     0.0118     -0.156    -2.9182 0.0000e+00
    24.9296   0.000060     -0.159  25.699606    24.9296     0.0118     -0.158    -2.9266 0.0000e+00
    24.9565   0.000060     -0.159  25.699688    24.9565     0.0118     -0.158    -2.9334 0.0000e+00
    24.9491   0.000060     -0.159  25.699769    24.9491     0.0118     -0.158    -2.9316 0.0000e+00
    24.9741   0.000060     -0.159  25.699850    24.9741     0.0119     -0.158    -2.9380 0.0000e+00
    24.9541   0.000060     -0.159  25.699931    24.9541     0.0118     -0.158    -2.9328 0.0000e+00
    24.8130   0.000070     -0.157  25.700012    24.8130     0.0118     -0.156    -2.8969 0.0000e+00
    24.8428   0.000060     -0.157  25.700093    24.8428     0.0118     -0.156    -2.9044 0.0000e+00
    24.8948   0.000060     -0.157  25.700174    24.8948     0.0118     -0.156    -2.9177 0.0000e+00
    24.6722   0.000070     -0.157  25.700255    24.6722     0.0117     -0.156    -2.8611 0.0000e+00
    24.2715   0.000070     -0.157  25.700336    24.2715     0.0116     -0.156    -2.7606 0.0000e+00
    24.1233   0.000070     -0.157  25.700417    24.1233     0.0115     -0.156    -2.7237 0.0000e+00
    24.0400   0.000070     -0.157  25.700498    24.0400     0.0115     -0.156    -2.7031 0.0000e+00
    24.1074   0.000070     -0.157  25.700579    24.1074     0.0115     -0.156    -2.7198 0.0000e+00
    24.1809   0.000070     -0.157  25.700660    24.1809     0.0116     -0.156    -2.7380 0.0000e+00
    24.1864   0.000070     -0.157  25.700741    24.1864     0.0116     -0.156    -2.7394 0.0000e+00
    24.1522   0.000070     -0.157  25.700822    24.1522     0.0115     -0.156    -2.7309 0.0000e+00
    24.0776   0.000070     -0.157  25.700903    24.0776     0.0115     -0.156    -2.7124 0.0000e+00
    24.0259   0.000070     -0.157  25.700984    24.0259     0.0115     -0.156    -2.6997 0.0000e+00
    24.0511   0.000070     -0.157  25.701065    24.0511     0.0115     -0.156    -2.7059 0.0000e+00
    24.0384   0.000070     -0.155  25.701146    24.0384     0.0115     -0.154    -2.7027 0.0000e+00
    24.0355   0.000070     -0.157  25.701227    24.0355     0.0115     -0.156    -2.7020 0.0000e+00
    24.0988   0.000070     -0.155  25.701308    24.0988     0.0115     -0.154    -2.7177 0.0000e+00
    23.9610   0.000070     -0.155  25.701389    23.9610     0.0115     -0.154    -2.6837 0.0000e+00
    24.0542   0.000070     -0.155  25.701470    24.0542     0.0115     -0.154    -2.7066 0.0000e+00
    23.9713   0.000070     -0.155  25.701551    23.9713     0.0115     -0.154    -2.6862 0.0000e+00
    23.9413   0.000070     -0.155  25.701632    23.9413     0.0115     -0.154    -2.6788 0.0000e+00
    23.8669   0.000070     -0.155  25.701713    23.8669     0.0114     -0.154    -2.6605 0.0000e+00
    23.9568   0.000070     -0.155  25.701794    23.9568     0.0115     -0.154    -2.6826 0.0000e+00
    23.9301   0.000070     -0.155  25.701875    23.9301     0.0115     -0.154    -2.6761 0.0000e+00
    24.0693   0.000070     -0.155  25.701956    24.0693     0.0115     -0.154    -2.7104 0.0000e+00
    24.0775   0.000070     -0.155  25.702037    24.0775     0.0115     -0.154    -2.7124 0.0000e+00
    24.0376   0.000070     -0.155  25.702118    24.0376     0.0115     -0.154    -2.7025 0.0000e+00
    23.9628   0.000070     -0.155  25.702199    23.9628     0.0115     -0.154    -2.6841 0.0000e+00
    24.0592   0.000070     -0.155  25.702280    24.0592     0.0115     -0.154    -2.7079 0.0000e+00
    24.0329   0.000070     -0.153  25.702361    24.0329     0.0115     -0.152    -2.7014 0.0000e+00
    24.0391   0.000070     -0.155  25.702442    24.0391     0.0115     -0.154    -2.7029 0.0000e+00
    24.0702   0.000070     -0.155  25.702523    24.0702     0.0115     -0.154    -2.7106 0.0000e+00
    24.1085   0.000080     -0.155  25.702604    24.1085     0.0115     -0.154    -2.7201 0.0000e+00
    24.0045   0.000070     -0.155  25.702685    24.0045     0.0115     -0.154    -2.6944 0.0000e+00
    24.0172   0.000070     -0.155  25.702766    24.0172     0.0115     -0.154    -2.6975 0.0000e+00
    24.0674   0.000070     -0.153  25.702847    24.0674     0.0115     -0.152    -2.7099 0.0000e+00
    24.1187   0.000070     -0.153  25.702928    24.1187     0.0115     -0.152    -2.7226 0.0000e+00
    24.1113   0.000080     -0.153  25.703009    24.1113     0.0115     -0.152    -2.7208 0.0000e+00
    24.1026   0.000070     -0.153  25.703090    24.1026     0.0115     -0.152    -2.7186 0.0000e+00
    24.1875   0.000080     -0.153  25.703171    24.1875     0.0116     -0.152    -2.7397 0.0000e+00
    24.1214   0.000070     -0.153  25.703252    24.1214     0.0115     -0.152    -2.7233 0.0000e+00
    24.0812   0.000070     -0.153  25.703333    24.0812     0.0115     -0.152    -2.7133 0.0000e+00
    23.9677   0.000070     -0.153  25.703414    23.9677     0.0115     -0.152    -2.6853 0.0000e+00
    23.9150   0.000070     -0.153  25.703495    23.9150     0.0115     -0.152    -2.6724 0.0000e+00
    23.9012   0.000080     -0.153  25.703576    23.9012     0.0114     -0.152    -2.6690 0.0000e+00
    23.8984   0.000070     -0.153  25.703657    23.8984     0.0115     -0.152    -2.6683 0.0000e+00
    23.9793   0.000080     -0.153  25.703738    23.9793     0.0115     -0.152    -2.6882 0.0000e+00
    24.1498   0.000080     -0.153  25.703819    24.1498     0.0115     -0.152    -2.7303 0.0000e+00
    24.1619   0.000080     -0.153  25.703900    24.1619     0.0115     -0.152    -2.7333 0.0000e+00
    24.1764   0.000070     -0.153  25.703981    24.1764     0.0116     -0.152    -2.7369 0.0000e+00
    24.1816   0.000070     -0.153  25.704062    24.1816     0.0116     -0.152    -2.7382 0.0000e+00
    24.1885   0.000070     -0.153  25.704144    24.1885     0.0116     -0.152    -2.7399 0.0000e+00
    24.2268   0.000070     -0.153  25.704225    24.2268     0.0116     -0.152    -2.7494 0.0000e+00
    24.2741   0.000070     -0.153  25.704306    24.2741     0.0116     -0.152    -2.7612 0.0000e+00
    24.2524   0.000070     -0.155  25.704387    24.2524     0.0116     -0.154    -2.7558 0.0000e+00
    24.1563   0.000080     -0.153  25.704468    24.1563     0.0115     -0.152    -2.7319 0.0000e+00
    24.1805   0.000080     -0.153  25.704549    24.1805     0.0115     -0.152    -2.7379 0.0000e+00
    24.1871   0.000080     -0.153  25.704630    24.1871     0.0116     -0.152    -2.7396 0.0000e+00
    24.2957   0.000070     -0.153  25.704711    24.2957     0.0116     -0.152    -2.7666 0.0000e+00
    24.2430   0.000070     -0.155  25.704792    24.2430     0.0116     -0.154    -2.7535 0.0000e+00
    24.0830   0.000070     -0.153  25.704873    24.0830     0.0115     -0.152    -2.7138 0.0000e+00
    23.9544   0.000070     -0.153  25.704954    23.9544     0.0115     -0.152    -2.6820 0.0000e+00
    23.9188   0.000080     -0.153  25.705035    23.9188     0.0115     -0.152    -2.6733 0.0000e+00
    23.8504   0.000070     -0.153  25.705116    23.8504     0.0114     -0.152    -2.6565 0.0000e+00
    23.8651   0.000080     -0.153  25.705197    23.8651     0.0114     -0.152    -2.6601 0.0000e+00
    23.9097   0.000070     -0.153  25.705278    23.9097     0.0115     -0.152    -2.6711 0.0000e+00
    23.9701   0.000080     -0.153  25.705359    23.9701     0.0115     -0.152    -2.6859 0.0000e+00
    23.9426   0.000080     -0.153  25.705440    23.9426     0.0115     -0.152    -2.6791 0.0000e+00
    24.0994   0.000080     -0.153  25.705521    24.0994     0.0115     -0.152    -2.7178 0.0000e+00
    24.0043   0.000080     -0.153  25.705602    24.0043     0.0115     -0.152    -2.6943 0.0000e+00
    24.0543   0.000080     -0.153  25.705683    24.0543     0.0115     -0.152    -2.7067 0.0000e+00
    23.9895   0.000080     -0.153  25.705764    23.9895     0.0115     -0.152    -2.6907 0.0000e+00
    24.0255   0.000080     -0.153  25.705845    24.0255     0.0115     -0.152    -2.6996 0.0000e+00
    23.9296   0.000080     -0.153  25.705926    23.9296     0.0115     -0.152    -2.6759 0.0000e+00
    24.0002   0.000080     -0.153  25.706007    24.0002     0.0115     -0.152    -2.6933 0.0000e+00
    24.0297   0.000080     -0.153  25.706088    24.0297     0.0115     -0.152    -2.7006 0.0000e+00
    24.0540   0.000080     -0.153  25.706169    24.0540     0.0115     -0.152    -2.7066 0.0000e+00
    23.9365   0.000080     -0.153  25.706250    23.9365     0.0115     -0.152    -2.6776 0.0000e+00
    23.9799   0.000080     -0.153  25.706331    23.9799     0.0115     -0.152    -2.6883 0.0000e+00
    23.9236   0.000080     -0.153  25.706412    23.9236     0.0115     -0.152    -2.6745 0.0000e+00
    24.1296   0.000080     -0.153  25.706493    24.1296     0.0115     -0.152    -2.7253 0.0000e+00
    24.1373   0.000080     -0.153  25.706574    24.1373     0.0115     -0.152    -2.7272 0.0000e+00
    24.0747   0.000070     -0.153  25.706655    24.0747     0.0115     -0.152    -2.7117 0.0000e+00
    24.0969   0.000080     -0.153  25.706736    24.0969     0.0115     -0.152    -2.7172 0.0000e+00
    24.0474   0.000080     -0.153  25.706817    24.0474     0.0115     -0.152    -2.7050 0.0000e+00
    24.1169   0.000080     -0.153  25.706898    24.1169     0.0115     -0.152    -2.7222 0.0000e+00
    24.1044   0.000080     -0.153  25.706979    24.1044     0.0115     -0.152    -2.7191 0.0000e+00
    24.1191   0.000080     -0.155  25.707060    24.1191     0.0115     -0.154    -2.7227 0.0000e+00
    24.1302   0.000080     -0.153  25.707141    24.1302     0.0115     -0.152    -2.7255 0.0000e+00
    24.3217   0.000070     -0.153  25.707222    24.3217     0.0116     -0.152    -2.7731 0.0000e+00
    24.5837   0.000080     -0.153  25.707303    24.5837     0.0117     -0.152    -2.8388 0.0000e+00
    24.7772   0.000070     -0.153  25.707384    24.7772     0.0118     -0.152    -2.8878 0.0000e+00
    24.9578   0.000070     -0.155  25.707465    24.9578     0.0118     -0.154    -2.9338 0.0000e+00
    24.9620   0.000070     -0.155  25.707546    24.9620     0.0118     -0.154    -2.9349 0.0000e+00
    29.2255   2.810600     -0.087  25.707627    29.2255    15.8019     -0.086     7.6484 0.0000e+00
    29.7726   2.793440     -0.049  25.707708    29.7726    15.5209     -0.049     7.2666 0.0000e+00
    29.7806   2.841500     -0.080  25.707789    29.7806    15.8115     -0.079     7.4801 0.0000e+00
    29.7736   2.805780     -0.072  25.707870    29.7736    15.5958     -0.072     7.3219 0.0000e+00
    29.7874   2.816000     -0.009  25.707951    29.7874    15.6537     -0.009     7.3606 0.0000e+00
    29.7858   2.832240      0.017  25.708032    29.7858    15.7533      0.017     7.4352 0.0000e+00
    29.7516   2.831850      0.219  25.708113    29.7515    15.7619      0.218     7.4524 0.0000e+00
    29.7113   2.848740      0.178  25.708194    29.7113    15.8782      0.177     7.5517 0.0000e+00
    29.7824   2.897090     -0.044  25.708275    29.7824    16.1507     -0.044     7.7317 0.0000e+00
    29.7900   2.892650     -0.047  25.708356    29.7900    16.1211     -0.047     7.7073 0.0000e+00
    29.7915   2.912270      0.129  25.708437    29.7915    16.2406      0.128     7.7957 0.0000e+00
    29.7362   2.903110      0.361  25.708519    29.7361    16.2028      0.359     7.7852 0.0000e+00
    29.7773   2.919540      0.044  25.708600    29.7773    16.2899      0.044     7.8368 0.0000e+00
    29.7872   2.906870     -0.062  25.708681    29.7872    16.2090     -0.062     7.7736 0.0000e+00
    28.8651   0.096180     -0.177  25.708762    28.8651     0.4376     -0.176    -3.6851 0.0000e+00
    27.4873   0.000050     -0.179  25.708843    27.4873     0.0127     -0.178    -3.6107 0.0000e+00
    26.9614   0.000060     -0.177  25.708924    26.9614     0.0125     -0.176    -3.4650 0.0000e+00
    26.7138   0.000060     -0.175  25.709005    26.7138     0.0125     -0.174    -3.3974 0.0000e+00
    26.9085   0.000050     -0.173  25.709086    26.9085     0.0125     -0.172    -3.4505 0.0000e+00
    26.9018   0.000060     -0.175  25.709167    26.9018     0.0125     -0.174    -3.4487 0.0000e+00
    26.9477   0.000060     -0.173  25.709248    26.9477     0.0125     -0.172    -3.4613 0.0000e+00
    26.7016   0.000060     -0.173  25.709329    26.7016     0.0125     -0.172    -3.3940 0.0000e+00
    26.2431   0.000060     -0.171  25.709410    26.2431     0.0123     -0.170    -3.2703 0.0000e+00
    26.0934   0.000060     -0.170  25.709491    26.0934     0.0122     -0.169    -3.2303 0.0000e+00
    25.8387   0.000060     -0.170  25.709572    25.8387     0.0122     -0.169    -3.1627 0.0000e+00
    25.7276   0.000060     -0.170  25.709653    25.7276     0.0121     -0.169    -3.1334 0.0000e+00
    25.7260   0.000070     -0.170  25.709734    25.7260     0.0121     -0.169    -3.1330 0.0000e+00
    25.3914   0.000070     -0.170  25.709815    25.3914     0.0120     -0.169    -3.0456 0.0000e+00
    25.1762   0.000070     -0.168  25.709896    25.1762     0.0119     -0.167    -2.9899 0.0000e+00
