data/ctd_processed/stations_27-05-2017_processed.cnv
* Sea-Bird SBE37 Data File:
* FileName = C:\Documents and Settings\Usuário(a)\Desktop\Prof.Arnaldo\CTD_LAGOA_05_2017\27-05-201.asc
* Software Version 1.59
* Temperature SN = 2603
* Conductivity SN = 2603
* System UpLoad Time = May 27 2017 22:06:27
** Dados Lagoa de Santo Antonio
** 27-05-2017
# nquan = 9                                 
# nvalues = 3132                        
# units = metric
# name 0 = t090: temperature, ITS-90 [deg C]
# name 1 = c0S/m: conductivity [S/m]
# name 2 = pr: pressure [db]
# name 3 = timeJ: time [julian days]
# name 4 = potemp090C: Potential Temperature [ITS-90, deg C]
# name 5 = sal00: Salinity, Practical [PSU]
# name 6 = depSM: Depth [salt water, m], lat = 28.48
# name 7 = sigma-t00: Density [sigma-t, kg/m^3 ]
# name 8 = flag: flag
# span 0 =    17.8249,    22.2522       
# span 1 =   0.000030,   4.919240       
# span 2 =     -0.022,      8.927       
# span 3 =  17.593715,  17.775000       
# span 4 =    17.8249,    22.2521       
# span 5 =     0.0090,    35.6720       
# span 6 =     -0.022,      8.867       
# span 7 =    -2.0100,    25.1574       
# span 8 = 0.0000e+00, 0.0000e+00       
# interval = seconds: 5
# start_time = Jan 17 2017 14:14:57
# bad_flag = -9.990e-29
*END*
[from data line 1441]
    18.3250   0.000070      0.007  17.677199    18.3250     0.0092      0.007    -1.4568 0.0000e+00
    18.3284   0.000070      0.008  17.677257    18.3284     0.0092      0.008    -1.4574 0.0000e+00
    18.3091   0.000070      0.007  17.677315    18.3091     0.0092      0.007    -1.4538 0.0000e+00
    18.3747   0.000070      0.008  17.677373    18.3747     0.0093      0.008    -1.4661 0.0000e+00
    18.3893   0.000070      0.008  17.677431    18.3893     0.0093      0.008    -1.4689 0.0000e+00
    18.3727   0.000070      0.007  17.677488    18.3727     0.0093      0.007    -1.4658 0.0000e+00
    18.3640   0.000070      0.007  17.677546    18.3640     0.0093      0.007    -1.4641 0.0000e+00
    18.3430   0.000070      0.008  17.677604    18.3430     0.0092      0.008    -1.4602 0.0000e+00
    18.3263   0.000070      0.008  17.677662    18.3263     0.0092      0.008    -1.4570 0.0000e+00
    18.2640   0.000080      0.012  17.677720    18.2640     0.0092      0.012    -1.4453 0.0000e+00
    18.2177   0.000080      0.008  17.677778    18.2177     0.0092      0.008    -1.4366 0.0000e+00
    18.2334   0.000080      0.007  17.677836    18.2334     0.0092      0.007    -1.4396 0.0000e+00
    18.2678   0.000080      0.010  17.677894    18.2678     0.0092      0.010    -1.4460 0.0000e+00
    18.2805   0.000070      0.008  17.677951    18.2805     0.0092      0.008    -1.4484 0.0000e+00
    18.3280   0.000080      0.008  17.678009    18.3280     0.0092      0.008    -1.4573 0.0000e+00
    18.3921   0.000080      0.010  17.678067    18.3921     0.0093      0.010    -1.4694 0.0000e+00
    18.4124   0.000070      0.005  17.678125    18.4124     0.0093      0.005    -1.4733 0.0000e+00
    18.4431   2.338830      0.028  17.678183    18.4431    16.4306      0.028    11.0110 0.0000e+00
    20.5941   3.705830      0.026  17.678241    20.5941    25.9125      0.026    17.6958 0.0000e+00
    20.6329   3.706260      0.240  17.678299    20.6329    25.8922      0.238    17.6706 0.0000e+00
    20.6392   3.702000      0.181  17.678356    20.6392    25.8554      0.180    17.6410 0.0000e+00
    20.6403   3.698500      0.151  17.678414    20.6403    25.8276      0.150    17.6197 0.0000e+00
    20.6412   3.707430      0.138  17.678472    20.6412    25.8963      0.137    17.6715 0.0000e+00
    20.6429   3.716070      0.118  17.678530    20.6429    25.9622      0.117    17.7211 0.0000e+00
    20.6337   3.718300      0.312  17.678588    20.6336    25.9850      0.310    17.7407 0.0000e+00
    20.6360   3.719080      0.406  17.678646    20.6359    25.9896      0.403    17.7436 0.0000e+00
    20.6383   3.722180      0.537  17.678704    20.6382    26.0122      0.533    17.7602 0.0000e+00
    20.6398   3.726030      0.453  17.678762    20.6397    26.0411      0.450    17.7818 0.0000e+00
    20.6407   3.725770      0.383  17.678819    20.6406    26.0386      0.380    17.7796 0.0000e+00
    20.6420   3.727970      0.694  17.678877    20.6419    26.0548      0.689    17.7915 0.0000e+00
    20.6415   3.727350      0.465  17.678935    20.6414    26.0503      0.462    17.7883 0.0000e+00
    20.6412   3.726350      0.221  17.678993    20.6412    26.0428      0.220    17.7827 0.0000e+00
    20.6426   3.725740      0.429  17.679051    20.6425    26.0372      0.426    17.7780 0.0000e+00
    20.6425   3.725620      0.767  17.679109    20.6424    26.0362      0.762    17.7773 0.0000e+00
    20.6423   3.727390      0.633  17.679167    20.6422    26.0501      0.629    17.7879 0.0000e+00
    20.6430   3.727990      0.429  17.679225    20.6429    26.0544      0.426    17.7910 0.0000e+00
    20.6393   3.728640      0.231  17.679282    20.6393    26.0617      0.229    17.7975 0.0000e+00
    20.1836   0.123420     -0.009  17.679340    20.1836     0.6825     -0.009    -1.3113 0.0000e+00
    19.6478   0.000140     -0.017  17.679398    19.6478     0.0099     -0.017    -1.7151 0.0000e+00
    19.2364   0.000120     -0.001  17.679456    19.2364     0.0097     -0.001    -1.6327 0.0000e+00
    19.1807   0.036220      0.007  17.679514    19.1807     0.1973      0.007    -1.4778 0.0000e+00
    19.1214   0.000060      0.003  17.679572    19.1214     0.0096      0.003    -1.6101 0.0000e+00
    19.0399   0.000070      0.005  17.679630    19.0399     0.0095      0.005    -1.5941 0.0000e+00
    19.0598   0.000070      0.003  17.679688    19.0598     0.0095      0.003    -1.5980 0.0000e+00
    18.9667   0.000070      0.003  17.679745    18.9667     0.0095      0.003    -1.5797 0.0000e+00
    18.8373   0.000070      0.003  17.679803    18.8373     0.0095      0.003    -1.5546 0.0000e+00
    18.7669   0.000070      0.003  17.679861    18.7669     0.0094      0.003    -1.5410 0.0000e+00
    18.6806   0.000070      0.003  17.679919    18.6806     0.0094      0.003    -1.5244 0.0000e+00
    18.7624   0.000070      0.001  17.679977    18.7624     0.0094      0.001    -1.5401 0.0000e+00
    18.8038   0.000070      0.003  17.680035    18.8038     0.0094      0.003    -1.5481 0.0000e+00
    18.7896   0.000070      0.001  17.680093    18.7896     0.0094      0.001    -1.5454 0.0000e+00
    18.7782   0.000070      0.001  17.680150    18.7782     0.0094      0.001    -1.5432 0.0000e+00
    18.7833   0.000070      0.003  17.680208    18.7833     0.0094      0.003    -1.5441 0.0000e+00
    18.7926   0.000070      0.003  17.680266    18.7926     0.0094      0.003    -1.5459 0.0000e+00
    18.7948   0.000070      0.003  17.680324    18.7948     0.0094      0.003    -1.5464 0.0000e+00
    18.7964   0.000070      0.003  17.680382    18.7964     0.0094      0.003    -1.5467 0.0000e+00
    18.8137   0.000070      0.003  17.680440    18.8137     0.0094      0.003    -1.5500 0.0000e+00
    18.8290   0.000070      0.003  17.680498    18.8290     0.0095      0.003    -1.5530 0.0000e+00
    18.8386   0.000070      0.003  17.680556    18.8386     0.0095      0.003    -1.5548 0.0000e+00
    18.8262   0.000070      0.003  17.680613    18.8262     0.0095      0.003    -1.5524 0.0000e+00
    18.7646   0.000070      0.003  17.680671    18.7646     0.0094      0.003    -1.5405 0.0000e+00
    18.7406   0.000070      0.003  17.680729    18.7406     0.0094      0.003    -1.5359 0.0000e+00
    18.7526   0.000070      0.003  17.680787    18.7526     0.0094      0.003    -1.5382 0.0000e+00
    18.7961   0.000060      0.003  17.680845    18.7961     0.0094      0.003    -1.5466 0.0000e+00
    18.8327   0.000030      0.003  17.680903    18.8327     0.0095      0.003    -1.5537 0.0000e+00
    18.6970   0.000060      0.005  17.680961    18.6970     0.0094      0.005    -1.5275 0.0000e+00
    18.6996   0.000060      0.005  17.681019    18.6996     0.0094      0.005    -1.5280 0.0000e+00
    18.7172   0.000070      0.005  17.681076    18.7172     0.0094      0.005    -1.5314 0.0000e+00
    18.6398   0.000070      0.003  17.681134    18.6398     0.0094      0.003    -1.5165 0.0000e+00
    18.6349   0.000070      0.005  17.681192    18.6349     0.0094      0.005    -1.5156 0.0000e+00
    18.6327   0.000070      0.005  17.681250    18.6327     0.0094      0.005    -1.5152 0.0000e+00
    18.5783   0.000070      0.005  17.681308    18.5783     0.0093      0.005    -1.5048 0.0000e+00
    18.5285   0.000070      0.005  17.681366    18.5285     0.0093      0.005    -1.4953 0.0000e+00
    18.4980   0.000070      0.007  17.681424    18.4980     0.0093      0.007    -1.4895 0.0000e+00
    18.4813   0.000070      0.005  17.681481    18.4813     0.0093      0.005    -1.4863 0.0000e+00
    18.4023   0.000070      0.007  17.681539    18.4023     0.0093      0.007    -1.4714 0.0000e+00
    18.3644   0.000070      0.010  17.681597    18.3644     0.0093      0.010    -1.4642 0.0000e+00
    18.3421   0.000070      0.005  17.681655    18.3421     0.0092      0.005    -1.4600 0.0000e+00
    18.2744   0.000080      0.005  17.681713    18.2744     0.0092      0.005    -1.4473 0.0000e+00
    18.2647   0.000080      0.008  17.681771    18.2647     0.0092      0.008    -1.4454 0.0000e+00
    18.1683   0.000080      0.008  17.681829    18.1683     0.0092      0.008    -1.4274 0.0000e+00
    18.2047   0.000080      0.007  17.681887    18.2047     0.0092      0.007    -1.4342 0.0000e+00
    18.2234   0.000080      0.005  17.681944    18.2234     0.0092      0.005    -1.4377 0.0000e+00
    18.2096   0.000080      0.008  17.682002    18.2096     0.0092      0.008    -1.4351 0.0000e+00
    18.1539   0.000080      0.012  17.682060    18.1539     0.0092      0.012    -1.4247 0.0000e+00
    18.1195   0.000080      0.008  17.682118    18.1195     0.0092      0.008    -1.4183 0.0000e+00
    18.1828   0.000080      0.007  17.682176    18.1828     0.0092      0.007    -1.4301 0.0000e+00
    18.1815   0.000080      0.010  17.682234    18.1815     0.0092      0.010    -1.4299 0.0000e+00
    18.2053   0.000080      0.012  17.682292    18.2053     0.0092      0.012    -1.4343 0.0000e+00
    18.2169   0.000080      0.008  17.682350    18.2169     0.0092      0.008    -1.4365 0.0000e+00
    18.1462   0.000080      0.010  17.682407    18.1462     0.0092      0.010    -1.4233 0.0000e+00
    18.1463   0.000080      0.016  17.682465    18.1463     0.0092      0.016    -1.4233 0.0000e+00
    18.1459   0.000080      0.017  17.682523    18.1459     0.0092      0.017    -1.4232 0.0000e+00
    18.1633   0.000080      0.012  17.682581    18.1633     0.0092      0.012    -1.4265 0.0000e+00
    18.2126   0.000080      0.014  17.682639    18.2126     0.0092      0.014    -1.4357 0.0000e+00
    18.2068   0.000080      0.012  17.682697    18.2068     0.0092      0.012    -1.4346 0.0000e+00
    18.1798   0.000080      0.014  17.682755    18.1798     0.0092      0.014    -1.4296 0.0000e+00
    18.1564   0.000070      0.017  17.682813    18.1564     0.0092      0.017    -1.4252 0.0000e+00
    18.2070   0.000070      0.014  17.682870    18.2070     0.0092      0.014    -1.4346 0.0000e+00
    18.2089   0.000080      0.016  17.682928    18.2089     0.0092      0.016    -1.4350 0.0000e+00
    18.2183   0.000080      0.017  17.682986    18.2183     0.0092      0.017    -1.4368 0.0000e+00
    18.2148   0.000070      0.016  17.683044    18.2148     0.0092      0.016    -1.4361 0.0000e+00
    18.2394   0.000070      0.017  17.683102    18.2394     0.0092      0.017    -1.4407 0.0000e+00
    18.2077   0.000070      0.017  17.683160    18.2077     0.0092      0.017    -1.4348 0.0000e+00
    18.1997   0.000080      0.016  17.683218    18.1997     0.0092      0.016    -1.4333 0.0000e+00
    18.2225   0.000080      0.014  17.683275    18.2225     0.0092      0.014    -1.4375 0.0000e+00
    18.2448   0.000070      0.017  17.683333    18.2448     0.0092      0.017    -1.4417 0.0000e+00
    18.2479   0.000070      0.016  17.683391    18.2479     0.0092      0.016    -1.4423 0.0000e+00
    18.1663   0.000070      0.019  17.683449    18.1663     0.0092      0.019    -1.4271 0.0000e+00
    18.0674   0.000070      0.021  17.683507    18.0674     0.0091      0.021    -1.4087 0.0000e+00
    18.0614   0.000070      0.016  17.683565    18.0614     0.0091      0.016    -1.4076 0.0000e+00
    18.0499   0.000070      0.017  17.683623    18.0499     0.0091      0.017    -1.4054 0.0000e+00
    18.1451   0.000070      0.016  17.683681    18.1451     0.0092      0.016    -1.4231 0.0000e+00
    18.1906   0.000070      0.017  17.683738    18.1906     0.0092      0.017    -1.4316 0.0000e+00
    18.1799   0.000070      0.014  17.683796    18.1799     0.0092      0.014    -1.4296 0.0000e+00
    18.1134   0.000070      0.017  17.683854    18.1134     0.0091      0.017    -1.4172 0.0000e+00
    18.1164   0.000070      0.017  17.683912    18.1164     0.0091      0.017    -1.4178 0.0000e+00
    18.1719   0.000080      0.016  17.683970    18.1719     0.0092      0.016    -1.4281 0.0000e+00
    18.2427   0.000070      0.016  17.684028    18.2427     0.0092      0.016    -1.4413 0.0000e+00
    18.2831   0.000070      0.019  17.684086    18.2831     0.0092      0.019    -1.4489 0.0000e+00
    18.3005   0.000070      0.019  17.684144    18.3005     0.0092      0.019    -1.4522 0.0000e+00
    18.3192   0.000070      0.017  17.684201    18.3192     0.0092      0.017    -1.4557 0.0000e+00
    18.3142   0.000070      0.017  17.684259    18.3142     0.0092      0.017    -1.4547 0.0000e+00
    18.2923   0.000080      0.016  17.684317    18.2923     0.0092      0.016    -1.4506 0.0000e+00
    18.2843   0.000080      0.016  17.684375    18.2843     0.0092      0.016    -1.4491 0.0000e+00
    18.3053   0.000070      0.017  17.684433    18.3053     0.0092      0.017    -1.4531 0.0000e+00
    18.2880   0.000070      0.017  17.684491    18.2880     0.0092      0.017    -1.4498 0.0000e+00
    18.3027   0.000070      0.017  17.684549    18.3027     0.0092      0.017    -1.4526 0.0000e+00
    18.2835   0.000070      0.017  17.684606    18.2835     0.0092      0.017    -1.4490 0.0000e+00
    18.2721   0.000070      0.017  17.684664    18.2721     0.0092      0.017    -1.4468 0.0000e+00
    18.2761   0.000070      0.017  17.684722    18.2761     0.0092      0.017    -1.4476 0.0000e+00
    18.2799   0.000070      0.017  17.684780    18.2799     0.0092      0.017    -1.4483 0.0000e+00
    18.2780   0.000070      0.017  17.684838    18.2780     0.0092      0.017    -1.4479 0.0000e+00
    18.3293   0.000070      0.017  17.684896    18.3293     0.0092      0.017    -1.4576 0.0000e+00
    18.3725   0.000070      0.017  17.684954    18.3725     0.0093      0.017    -1.4657 0.0000e+00
    18.3822   0.000070      0.016  17.685012    18.3822     0.0093      0.016    -1.4676 0.0000e+00
    18.3836   0.000070      0.017  17.685069    18.3836     0.0093      0.017    -1.4678 0.0000e+00
    18.3633   0.000070      0.017  17.685127    18.3633     0.0093      0.017    -1.4640 0.0000e+00
    18.3160   0.000070      0.021  17.685185    18.3160     0.0092      0.021    -1.4551 0.0000e+00
    18.2884   0.000080      0.017  17.685243    18.2884     0.0092      0.017    -1.4499 0.0000e+00
    18.2439   0.000080      0.021  17.685301    18.2439     0.0092      0.021    -1.4415 0.0000e+00
    18.2521   0.000070      0.014  17.685359    18.2521     0.0092      0.014    -1.4431 0.0000e+00
    18.2420   0.000080      0.017  17.685417    18.2420     0.0092      0.017    -1.4412 0.0000e+00
    18.2720   0.000080      0.017  17.685475    18.2720     0.0092      0.017    -1.4468 0.0000e+00
    18.3531   0.000080      0.008  17.685532    18.3531     0.0093      0.008    -1.4621 0.0000e+00
    18.4146   0.000070      0.007  17.685590    18.4146     0.0093      0.007    -1.4737 0.0000e+00
    18.4661   0.000070      0.007  17.685648    18.4661     0.0093      0.007    -1.4834 0.0000e+00
    20.3261   3.140880      0.156  17.685706    20.3261    21.7178      0.155    14.5832 0.0000e+00
    20.5731   3.215700      0.068  17.685764    20.5731    22.1604      0.068    14.8573 0.0000e+00
    20.5796   3.202230      0.176  17.685822    20.5796    22.0546      0.175    14.7756 0.0000e+00
    20.5846   3.197000      0.093  17.685880    20.5846    22.0123      0.092    14.7423 0.0000e+00
    20.5903   3.203520      0.221  17.685937    20.5903    22.0589      0.220    14.7762 0.0000e+00
    20.5898   3.202170      0.636  17.685995    20.5897    22.0488      0.632    14.7687 0.0000e+00
    20.5800   3.264830      0.908  17.686053    20.5798    22.5305      0.902    15.1360 0.0000e+00
    20.5674   3.458890      1.194  17.686111    20.5672    24.0219      1.186    16.2692 0.0000e+00
    20.5901   3.533780      1.397  17.686169    20.5899    24.5850      1.388    16.6902 0.0000e+00
    20.5961   3.653160      1.422  17.686227    20.5958    25.5030      1.412    17.3847 0.0000e+00
    20.5929   3.709100      1.456  17.686285    20.5926    25.9382      1.446    17.7156 0.0000e+00
    20.5922   3.726130      1.683  17.686343    20.5919    26.0707      1.672    17.8163 0.0000e+00
