data/raw/25-01-17/stations_25-01_2017.asc
* Sea-Bird SBE37 Data File:
* FileName = C:\Documents and Settings\Usuário(a)\Desktop\CTD_LAGOA\stations_1-1911_piloto.asc
* Software Version 1.59
* Temperature SN = 2603
* Conductivity SN = 2603
* System UpLoad Time = Jan 27 2017 13:53:11
* ds
* SBE37-SM V 2.2  SERIAL NO. 2603    27 Jan 2017  13:26:10
*END*
[from data line 1884]
 24.7567, 0.00007,   -0.153, 25 Jan 2017, 18:12:29
 24.7567, 0.00007,   -0.153, 25 Jan 2017, 18:12:36
 24.7776, 0.00007,   -0.153, 25 Jan 2017, 18:12:43
 24.7987, 0.00007,   -0.153, 25 Jan 2017, 18:12:50
 24.8017, 0.00007,   -0.153, 25 Jan 2017, 18:12:57
 24.7500, 0.00007,   -0.153, 25 Jan 2017, 18:13:04
 24.7242, 0.00007,   -0.153, 25 Jan 2017, 18:13:11
 24.7657, 0.00007,   -0.153, 25 Jan 2017, 18:13:18
 24.6961, 0.00007,   -0.153, 25 Jan 2017, 18:13:25
 24.6471, 0.00007,   -0.153, 25 Jan 2017, 18:13:32
 24.5994, 0.00007,   -0.153, 25 Jan 2017, 18:13:39
 24.5988, 0.00007,   -0.155, 25 Jan 2017, 18:13:46
 24.6767, 0.00007,   -0.153, 25 Jan 2017, 18:13:53
 24.6975, 0.00007,   -0.155, 25 Jan 2017, 18:14:00
 24.7011, 0.00007,   -0.155, 25 Jan 2017, 18:14:07
 24.7083, 0.00007,   -0.153, 25 Jan 2017, 18:14:14
 24.7399, 0.00007,   -0.155, 25 Jan 2017, 18:14:21
 24.7714, 0.00007,   -0.155, 25 Jan 2017, 18:14:28
 24.8345, 0.00007,   -0.157, 25 Jan 2017, 18:14:35
 24.8199, 0.00007,   -0.157, 25 Jan 2017, 18:14:42
 24.7733, 0.00007,   -0.157, 25 Jan 2017, 18:14:49
 24.7333, 0.00007,   -0.157, 25 Jan 2017, 18:14:56
 24.7501, 0.00007,   -0.157, 25 Jan 2017, 18:15:03
 24.7961, 0.00007,   -0.157, 25 Jan 2017, 18:15:10
 24.7771, 0.00007,   -0.157, 25 Jan 2017, 18:15:17
 24.8371, 0.00007,   -0.157, 25 Jan 2017, 18:15:24
 24.8764, 0.00007,   -0.157, 25 Jan 2017, 18:15:31
 24.9173, 0.00007,   -0.157, 25 Jan 2017, 18:15:38
 24.9339, 0.00007,   -0.157, 25 Jan 2017, 18:15:45
 24.9285, 0.00007,   -0.157, 25 Jan 2017, 18:15:52
