data/raw/25-01-17/stations_25-01_2017.cnv
* Sea-Bird SBE37 Data File:
* FileName = C:\Documents and Settings\Usuário(a)\Desktop\CTD_LAGOA\stations_1-1911_piloto.asc
* Software Version 1.59
* Temperature SN = 2603
* Conductivity SN = 2603
* System UpLoad Time = Jan 27 2017 13:53:11
* ds
* SBE37-SM V 2.2  SERIAL NO. 2603    27 Jan 2017  13:26:10
# nquan = 5
# nvalues =     1911
# units = metric
# name 0 = t090: temperature, ITS-90 [deg C]
# name 1 = c0S/m: conductivity [S/m]
# name 2 = pr: pressure [db]
# name 3 = timeJ: time [julian days]
# name 4 = flag:  0.000e+00
# span 0 = 22.1516, 31.8219           
# span 1 = 0.00004, 5.38154           
# span 2 = -0.179, 7.837              
# span 3 = 25.591771, 25.761019       
# span 4 = 0.000e+00, 0.000e+00       
# interval = seconds: 5
# start_time = Jan 25 2017 15:37:22
# bad_flag = -9.990e-29
*END*
    30.3380    0.00012     -0.137  25.591771  0.000e+00
    30.6245    0.00012     -0.137  25.591863  0.000e+00
    30.8720    0.00011     -0.135  25.591944  0.000e+00
    30.9742    0.00011     -0.137  25.592025  0.000e+00
    31.1748    0.00011     -0.139  25.592106  0.000e+00
    31.4095    0.00011     -0.137  25.592187  0.000e+00
    31.5702    0.00012     -0.141  25.592269  0.000e+00
    31.6635    0.00011     -0.141  25.592350  0.000e+00
    31.5988    0.00011     -0.141  25.592431  0.000e+00
    31.8219    0.00011     -0.141  25.592512  0.000e+00
    31.6752    0.00011     -0.141  25.592593  0.000e+00
    28.1006    3.05170      0.001  25.592674  0.000e+00
    27.7047    3.41844      0.134  25.592755  0.000e+00
    27.6291    3.93170      0.258  25.592836  0.000e+00
    27.2119    4.08375      0.199  25.592917  0.000e+00
    26.8867    4.73379      0.498  25.592998  0.000e+00
    26.6336    4.99600      0.697  25.593079  0.000e+00
    26.6366    5.12371      0.827  25.593160  0.000e+00
    26.5085    5.18080      1.217  25.593241  0.000e+00
    26.4885    5.22330      1.339  25.593322  0.000e+00
    26.4340    5.23135      1.578  25.593403  0.000e+00
    26.4189    5.24276      1.875  25.593484  0.000e+00
    26.3637    5.25642      2.598  25.593565  0.000e+00
    26.2188    5.28212      3.062  25.593646  0.000e+00
    26.0284    5.35295      3.927  25.593727  0.000e+00
    26.0186    5.37518      4.620  25.593808  0.000e+00
    26.0236    5.38154      5.438  25.593889  0.000e+00
    26.0185    5.38000      6.019  25.593970  0.000e+00
    26.0114    5.38042      6.538  25.594051  0.000e+00
    26.0016    5.37698      6.436  25.594132  0.000e+00
    26.0048    5.37389      7.556  25.594213  0.000e+00
    26.0074    5.37390      7.837  25.594294  0.000e+00
    26.0133    5.37310      7.001  25.594375  0.000e+00
    26.0133    5.37129      5.927  25.594456  0.000e+00
    26.0185    5.37012      4.852  25.594537  0.000e+00
    26.0266    4.85372      3.287  25.594618  0.000e+00
    26.3793    4.27052      1.561  25.594699  0.000e+00
    27.3591    1.85102     -0.078  25.594780  0.000e+00
    26.5570    0.00010     -0.078  25.594861  0.000e+00
    26.5697    0.00010     -0.081  25.594942  0.000e+00
    26.7473    0.00010     -0.083  25.595023  0.000e+00
    26.9323    0.00010     -0.087  25.595104  0.000e+00
    27.1274    0.00010     -0.089  25.595185  0.000e+00
    27.2781    0.00010     -0.092  25.595266  0.000e+00
    27.3824    0.00009     -0.094  25.595347  0.000e+00
    27.2076    0.00010     -0.096  25.595428  0.000e+00
    27.0363    0.00010     -0.098  25.595509  0.000e+00
    26.9103    0.00010     -0.099  25.595590  0.000e+00
    26.7822    0.00010     -0.099  25.595671  0.000e+00
    26.7540    0.00010     -0.101  25.595752  0.000e+00
    26.8768    0.00010     -0.103  25.595833  0.000e+00
    26.8452    0.00010     -0.105  25.595914  0.000e+00
    26.9910    0.00009     -0.107  25.595995  0.000e+00
    27.1124    0.00009     -0.108  25.596076  0.000e+00
    27.1171    0.00009     -0.110  25.596157  0.000e+00
    27.1842    0.00009     -0.112  25.596238  0.000e+00
    27.2006    0.00009     -0.112  25.596319  0.000e+00
    27.2758    0.00009     -0.114  25.596400  0.000e+00
    27.3239    0.00009     -0.116  25.596481  0.000e+00
    27.4423    0.00009     -0.116  25.596562  0.000e+00
    27.4463    0.00009     -0.117  25.596644  0.000e+00
    27.4538    0.00009     -0.117  25.596725  0.000e+00
    27.5576    0.00009     -0.119  25.596806  0.000e+00
    27.6004    0.00009     -0.121  25.596887  0.000e+00
    27.5324    0.00009     -0.121  25.596968  0.000e+00
    27.4857    0.00009     -0.123  25.597049  0.000e+00
    27.5772    0.00009     -0.125  25.597130  0.000e+00
    27.6903    0.00009     -0.125  25.597211  0.000e+00
    27.7901    0.00009     -0.126  25.597292  0.000e+00
    27.7530    0.00009     -0.128  25.597373  0.000e+00
    27.7192    0.00009     -0.128  25.597454  0.000e+00
    27.7965    0.00009     -0.128  25.597535  0.000e+00
    27.7810    0.00009     -0.130  25.597616  0.000e+00
    27.8561    0.00009     -0.130  25.597697  0.000e+00
    27.9288    0.00009     -0.144  25.597778  0.000e+00
    27.9644    0.00008     -0.146  25.597859  0.000e+00
    28.0007    0.00009     -0.146  25.597940  0.000e+00
    28.0471    0.00009     -0.146  25.598021  0.000e+00
    28.0504    0.00008     -0.148  25.598102  0.000e+00
    28.0461    0.00008     -0.152  25.598183  0.000e+00
    28.0066    0.00009     -0.152  25.598264  0.000e+00
    28.0383    0.00008     -0.152  25.598345  0.000e+00
    28.1782    0.00009     -0.152  25.598426  0.000e+00
    28.3325    0.00009     -0.153  25.598507  0.000e+00
    28.3235    0.00009     -0.155  25.598588  0.000e+00
    28.3179    0.00009     -0.155  25.598669  0.000e+00
    28.2880    0.00009     -0.155  25.598750  0.000e+00
    28.2089    0.00009     -0.157  25.598831  0.000e+00
    28.1539    0.00008     -0.157  25.598912  0.000e+00
    28.1483    0.00008     -0.157  25.598993  0.000e+00
    28.2047    0.00008     -0.157  25.599074  0.000e+00
    28.2561    0.00008     -0.159  25.599155  0.000e+00
    28.2925    0.00008     -0.159  25.599236  0.000e+00
    28.3583    0.00008     -0.159  25.599317  0.000e+00
    28.4017    0.00008     -0.159  25.599398  0.000e+00
    28.4234    0.00008     -0.159  25.599479  0.000e+00
    28.4991    0.00008     -0.162  25.599560  0.000e+00
    28.4662    0.00008     -0.162  25.599641  0.000e+00
    28.4933    0.00008     -0.162  25.599722  0.000e+00
    28.5403    0.00008     -0.162  25.599803  0.000e+00
    28.6068    0.00008     -0.164  25.599884  0.000e+00
    28.6729    0.00008     -0.164  25.599965  0.000e+00
    28.6476    0.00008     -0.162  25.600046  0.000e+00
    28.7027    0.00008     -0.162  25.600127  0.000e+00
    28.7099    0.00008     -0.162  25.600208  0.000e+00
    28.8634    0.00008     -0.162  25.600289  0.000e+00
    28.9603    0.00008     -0.162  25.600370  0.000e+00
    28.9822    0.00009     -0.162  25.600451  0.000e+00
    29.0165    0.00009     -0.162  25.600532  0.000e+00
    29.0032    0.00008     -0.161  25.600613  0.000e+00
    29.1507    0.00005     -0.161  25.600694  0.000e+00
    29.1942    0.00007     -0.161  25.600775  0.000e+00
    29.2508    0.00007     -0.161  25.600856  0.000e+00
    29.3816    0.00008     -0.159  25.600937  0.000e+00
    29.4594    0.00008     -0.159  25.601019  0.000e+00
    29.6622    0.00008     -0.159  25.601100  0.000e+00
    29.7596    0.00008     -0.159  25.601181  0.000e+00
    29.8322    0.00007     -0.159  25.601262  0.000e+00
    29.7484    0.00007     -0.157  25.601343  0.000e+00
    29.7052    0.00007     -0.155  25.601424  0.000e+00
    29.8425    0.00007     -0.155  25.601505  0.000e+00
    29.9743    0.00007     -0.155  25.601586  0.000e+00
    29.9648    0.00007     -0.157  25.601667  0.000e+00
    29.9173    0.00007     -0.157  25.601748  0.000e+00
    29.8790    0.00007     -0.157  25.601829  0.000e+00
    29.8430    0.00007     -0.157  25.601910  0.000e+00
    29.8262    0.00007     -0.157  25.601991  0.000e+00
    29.7860    0.00007     -0.157  25.602072  0.000e+00
    29.8512    0.00007     -0.155  25.602153  0.000e+00
    29.9572    0.00007     -0.155  25.602234  0.000e+00
    29.8873    0.00008     -0.152  25.602315  0.000e+00
    27.6539    0.42713      0.115  25.602396  0.000e+00
    27.6236    0.26420      0.095  25.602477  0.000e+00
    27.6767    0.28657     -0.094  25.602558  0.000e+00
    27.6878    0.23783     -0.029  25.602639  0.000e+00
    27.6682    0.23548     -0.013  25.602720  0.000e+00
    27.7018    0.24223     -0.027  25.602801  0.000e+00
    27.6960    0.23575      0.023  25.602882  0.000e+00
    27.6856    0.23655      0.034  25.602963  0.000e+00
    27.6520    0.23613     -0.002  25.603044  0.000e+00
    27.6853    0.23635      0.032  25.603125  0.000e+00
    27.0714    0.27774      0.516  25.603206  0.000e+00
    27.2793    1.40465      0.852  25.603287  0.000e+00
    27.4664    1.99819      1.082  25.603368  0.000e+00
    27.7992    2.21870      1.460  25.603449  0.000e+00
    28.1709    2.69316      1.882  25.603530  0.000e+00
    28.1916    2.86467      2.274  25.603611  0.000e+00
    28.1935    2.88089      2.728  25.603692  0.000e+00
    28.2123    2.90954      2.801  25.603773  0.000e+00
    28.2143    2.91596      2.870  25.603854  0.000e+00
    28.2164    2.93504      2.985  25.603935  0.000e+00
    28.2154    2.95215      3.005  25.604016  0.000e+00
    28.2172    2.95541      3.057  25.604097  0.000e+00
    28.2167    2.95436      3.075  25.604178  0.000e+00
    28.2162    2.93334      2.859  25.604259  0.000e+00
    28.2008    2.87636      2.411  25.604340  0.000e+00
    28.2033    2.85797      2.422  25.604421  0.000e+00
    28.2147    2.85648      2.960  25.604502  0.000e+00
    28.1939    2.86074      2.237  25.604583  0.000e+00
    27.3450    1.54791      0.463  25.604664  0.000e+00
    26.9659    0.00465     -0.119  25.604745  0.000e+00
    26.4154    0.00008     -0.132  25.604826  0.000e+00
    26.0379    0.00008     -0.128  25.604907  0.000e+00
    26.0875    0.00008     -0.130  25.604988  0.000e+00
    26.2139    0.00009     -0.130  25.605069  0.000e+00
    26.3887    0.00008     -0.130  25.605150  0.000e+00
    26.5564    0.00008     -0.132  25.605231  0.000e+00
    26.6954    0.00008     -0.132  25.605313  0.000e+00
    26.7520    0.00008     -0.132  25.605394  0.000e+00
    26.8585    0.00008     -0.132  25.605475  0.000e+00
    26.9557    0.00008     -0.132  25.605556  0.000e+00
    27.0290    0.00008     -0.132  25.605637  0.000e+00
    26.9693    0.00008     -0.132  25.605718  0.000e+00
    26.9998    0.00008     -0.130  25.605799  0.000e+00
    27.0558    0.00008     -0.130  25.605880  0.000e+00
    27.0900    0.00008     -0.130  25.605961  0.000e+00
    27.1335    0.00008     -0.130  25.606042  0.000e+00
    27.2707    0.00008     -0.130  25.606123  0.000e+00
    27.3861    0.00008     -0.130  25.606204  0.000e+00
    27.5240    0.00008     -0.130  25.606285  0.000e+00
    27.5485    0.00008     -0.128  25.606366  0.000e+00
    27.4800    0.00008     -0.128  25.606447  0.000e+00
    27.4562    0.00008     -0.130  25.606528  0.000e+00
    27.3658    0.00008     -0.128  25.606609  0.000e+00
    27.2759    0.00008     -0.128  25.606690  0.000e+00
    27.1810    0.00009     -0.128  25.606771  0.000e+00
    27.2757    0.00009     -0.128  25.606852  0.000e+00
    27.4149    0.00009     -0.130  25.606933  0.000e+00
    27.3815    0.00009     -0.128  25.607014  0.000e+00
    27.4700    0.54457      0.413  25.607095  0.000e+00
    27.3135    0.51694      0.044  25.607176  0.000e+00
    27.3209    0.51950      0.068  25.607257  0.000e+00
    27.3290    0.52333      0.016  25.607338  0.000e+00
    27.3472    0.55029      0.188  25.607419  0.000e+00
    28.0497    1.18165      1.050  25.607500  0.000e+00
    27.9755    3.83673      1.690  25.607581  0.000e+00
    26.1562    5.01016      2.609  25.607662  0.000e+00
    25.7139    5.14831      3.102  25.607743  0.000e+00
    25.6904    5.20841      4.201  25.607824  0.000e+00
    25.6761    5.22995      4.557  25.607905  0.000e+00
    25.6729    5.22689      4.934  25.607986  0.000e+00
    25.6736    5.22615      4.947  25.608067  0.000e+00
    25.6753    5.22949      4.796  25.608148  0.000e+00
    25.6780    5.22627      4.228  25.608229  0.000e+00
    25.8011    5.11781      2.719  25.608310  0.000e+00
    28.4519    2.28052      1.129  25.608391  0.000e+00
    27.3016    0.69177     -0.130  25.608472  0.000e+00
    26.2333    0.00007     -0.134  25.608553  0.000e+00
    25.9992    0.00007     -0.132  25.608634  0.000e+00
    25.9902    0.00008     -0.130  25.608715  0.000e+00
    26.0099    0.00006     -0.130  25.608796  0.000e+00
    26.0478    0.00007     -0.128  25.608877  0.000e+00
    26.1137    0.00008     -0.128  25.608958  0.000e+00
    26.2613    0.00007     -0.128  25.609039  0.000e+00
    26.4251    0.00007     -0.128  25.609120  0.000e+00
    26.5089    0.00007     -0.128  25.609201  0.000e+00
    26.6866    0.00007     -0.130  25.609282  0.000e+00
    26.8136    0.00007     -0.130  25.609363  0.000e+00
    26.8133    0.00008     -0.130  25.609444  0.000e+00
    26.7946    0.00007     -0.130  25.609525  0.000e+00
    26.8027    0.00007     -0.130  25.609606  0.000e+00
    26.8657    0.00007     -0.130  25.609688  0.000e+00
    26.9437    0.00007     -0.130  25.609769  0.000e+00
    27.0154    0.00007     -0.128  25.609850  0.000e+00
    27.0427    0.00007     -0.128  25.609931  0.000e+00
    27.0691    0.00007     -0.128  25.610012  0.000e+00
    27.0369    0.00007     -0.128  25.610093  0.000e+00
    27.0347    0.00007     -0.128  25.610174  0.000e+00
    27.0324    0.00007     -0.128  25.610255  0.000e+00
    27.0475    0.00007     -0.128  25.610336  0.000e+00
    26.9350    0.00007     -0.126  25.610417  0.000e+00
    26.8271    0.00007     -0.126  25.610498  0.000e+00
    26.7269    0.00007     -0.125  25.610579  0.000e+00
    26.6530    0.09032     -0.125  25.610660  0.000e+00
    28.2398    0.89160      0.125  25.610741  0.000e+00
    28.2160    0.88654      0.787  25.610822  0.000e+00
    28.4670    1.39642      1.922  25.610903  0.000e+00
    26.5208    3.10393      2.172  25.610984  0.000e+00
    25.8334    4.91165      2.249  25.611065  0.000e+00
    28.0112    4.01577      1.778  25.611146  0.000e+00
    28.6950    2.54812      1.544  25.611227  0.000e+00
    28.3546    1.76562      0.917  25.611308  0.000e+00
    28.2751    1.10152     -0.081  25.611389  0.000e+00
    27.4461    0.00689     -0.137  25.611470  0.000e+00
    26.4650    0.00008     -0.139  25.611551  0.000e+00
    26.2986    0.00008     -0.134  25.611632  0.000e+00
    26.1865    0.00008     -0.134  25.611713  0.000e+00
    26.0685    0.00008     -0.135  25.611794  0.000e+00
    26.0058    0.00008     -0.134  25.611875  0.000e+00
    25.9887    0.00008     -0.135  25.611956  0.000e+00
    26.0201    0.00008     -0.135  25.612037  0.000e+00
    26.1377    0.00008     -0.137  25.612118  0.000e+00
    26.2520    0.00008     -0.137  25.612199  0.000e+00
    26.3044    0.00008     -0.139  25.612280  0.000e+00
    26.3799    0.00008     -0.137  25.612361  0.000e+00
    26.4744    0.00008     -0.137  25.612442  0.000e+00
    26.5192    0.00008     -0.139  25.612523  0.000e+00
    26.4225    0.00008     -0.139  25.612604  0.000e+00
    26.4119    0.00008     -0.139  25.612685  0.000e+00
    26.2464    0.00008     -0.139  25.612766  0.000e+00
    26.1236    0.00009     -0.139  25.612847  0.000e+00
    25.9973    0.00008     -0.137  25.612928  0.000e+00
    25.9400    0.00008     -0.139  25.613009  0.000e+00
    25.8688    0.00008     -0.139  25.613090  0.000e+00
    25.8428    0.00008     -0.139  25.613171  0.000e+00
    25.9620    0.00008     -0.139  25.613252  0.000e+00
    26.0283    0.00008     -0.139  25.613333  0.000e+00
    26.0948    0.00008     -0.137  25.613414  0.000e+00
    26.1760    0.00008     -0.137  25.613495  0.000e+00
    26.1402    0.00008     -0.137  25.613576  0.000e+00
    26.1783    0.00008     -0.137  25.613657  0.000e+00
    26.2742    0.00008     -0.137  25.613738  0.000e+00
    26.4428    0.00008     -0.137  25.613819  0.000e+00
    26.4542    0.00008     -0.137  25.613900  0.000e+00
    26.4579    0.00008     -0.137  25.613981  0.000e+00
    26.4138    0.00008     -0.137  25.614062  0.000e+00
    26.3655    0.00008     -0.137  25.614144  0.000e+00
    26.3294    0.00008     -0.137  25.614225  0.000e+00
    26.1028    0.00008     -0.137  25.614306  0.000e+00
    25.7623    0.43652     -0.107  25.614387  0.000e+00
    28.1923    0.98086     -0.078  25.614468  0.000e+00
    28.1878    0.98068     -0.056  25.614549  0.000e+00
    28.1633    0.99973      0.419  25.614630  0.000e+00
    28.1008    1.08517      0.780  25.614711  0.000e+00
    28.0066    1.16464      1.179  25.614792  0.000e+00
