data/raw/25-01-17/stations_25-01_2017.cnv
* Sea-Bird SBE37 Data File:
* FileName = C:\Documents and Settings\Usuário(a)\Desktop\CTD_LAGOA\stations_1-1911_piloto.asc
* Software Version 1.59
* Temperature SN = 2603
* Conductivity SN = 2603
* System UpLoad Time = Jan 27 2017 13:53:11
* ds
* SBE37-SM V 2.2  SERIAL NO. 2603    27 Jan 2017  13:26:10
# nquan = 5
# nvalues =     1911
# units = metric
# name 0 = t090: temperature, ITS-90 [deg C]
# name 1 = c0S/m: conductivity [S/m]
# name 2 = pr: pressure [db]
# name 3 = timeJ: time [julian days]
# name 4 = flag:  0.000e+00
# span 0 = 22.1516, 31.8219           
# span 1 = 0.00004, 5.38154           
# span 2 = -0.179, 7.837              
# span 3 = 25.591771, 25.761019       
# span 4 = 0.000e+00, 0.000e+00       
# interval = seconds: 5
# start_time = Jan 25 2017 15:37:22
# bad_flag = -9.990e-29
*END*
[from data line 858]
    26.0226    0.00006     -0.144  25.675787  0.000e+00
    25.9883    0.00007     -0.144  25.675868  0.000e+00
    26.0203    0.00007     -0.144  25.675949  0.000e+00
    26.0248    0.00006     -0.144  25.676030  0.000e+00
    26.0559    0.00006     -0.144  25.676111  0.000e+00
    26.0193    0.00007     -0.144  25.676192  0.000e+00
    26.0190    0.00006     -0.144  25.676273  0.000e+00
    25.7649    0.00007     -0.143  25.676354  0.000e+00
    25.6990    0.00007     -0.144  25.676435  0.000e+00
    25.7033    0.00007     -0.146  25.676516  0.000e+00
    25.6885    0.00006     -0.146  25.676597  0.000e+00
    25.5012    0.00007     -0.144  25.676678  0.000e+00
    25.3572    0.00007     -0.146  25.676759  0.000e+00
    25.3958    0.00007     -0.150  25.676840  0.000e+00
    25.6258    0.00007     -0.157  25.676921  0.000e+00
    25.9546    0.00006     -0.168  25.677002  0.000e+00
    26.2891    0.00006     -0.173  25.677083  0.000e+00
    26.1300    0.00006     -0.168  25.677164  0.000e+00
    26.0271    0.00006     -0.161  25.677245  0.000e+00
    25.8269    0.00006     -0.161  25.677326  0.000e+00
    25.7080    0.00006     -0.161  25.677407  0.000e+00
    25.7062    0.00007     -0.159  25.677488  0.000e+00
    25.9293    0.00006     -0.155  25.677569  0.000e+00
    26.3211    0.00006     -0.155  25.677650  0.000e+00
    26.4421    0.00006     -0.157  25.677731  0.000e+00
    26.0371    0.00006     -0.150  25.677812  0.000e+00
    26.0516    0.00008     -0.148  25.677894  0.000e+00
    26.0598    0.00006     -0.148  25.677975  0.000e+00
    25.9277    0.00007     -0.153  25.678056  0.000e+00
    25.8103    0.00007     -0.157  25.678137  0.000e+00
    25.6432    0.00008     -0.155  25.678218  0.000e+00
    25.6338    0.01190     -0.159  25.678299  0.000e+00
    25.4426    0.00008     -0.161  25.678380  0.000e+00
    25.3787    0.00007     -0.153  25.678461  0.000e+00
    25.3037    0.00007     -0.153  25.678542  0.000e+00
    25.4400    0.00007     -0.155  25.678623  0.000e+00
    25.3249    0.00007     -0.155  25.678704  0.000e+00
    24.9112    0.00007     -0.152  25.678785  0.000e+00
    25.4745    0.00008     -0.155  25.678866  0.000e+00
    25.0191    0.00007     -0.153  25.678947  0.000e+00
    25.0469    0.00008     -0.153  25.679028  0.000e+00
    25.0183    0.00008     -0.153  25.679109  0.000e+00
    24.8872    0.00008     -0.150  25.679190  0.000e+00
    24.9107    0.00008     -0.152  25.679271  0.000e+00
    24.9196    0.00008     -0.153  25.679352  0.000e+00
    24.8922    0.00008     -0.153  25.679433  0.000e+00
    24.6590    0.00008     -0.153  25.679514  0.000e+00
    24.6570    0.00008     -0.153  25.679595  0.000e+00
    24.8792    0.00008     -0.155  25.679676  0.000e+00
    24.7258    0.00008     -0.155  25.679757  0.000e+00
    24.5385    0.00008     -0.157  25.679838  0.000e+00
    24.6386    0.00008     -0.159  25.679919  0.000e+00
    24.5075    0.00008     -0.159  25.680000  0.000e+00
    24.4392    0.00008     -0.157  25.680081  0.000e+00
    24.4271    0.00008     -0.161  25.680162  0.000e+00
    24.5543    0.00007     -0.159  25.680243  0.000e+00
    24.4745    0.00007     -0.159  25.680324  0.000e+00
    24.4740    0.00007     -0.155  25.680405  0.000e+00
    24.4086    0.00007     -0.162  25.680486  0.000e+00
    24.4476    0.00007     -0.162  25.680567  0.000e+00
    24.2683    0.00007     -0.164  25.680648  0.000e+00
    24.2264    0.00008     -0.162  25.680729  0.000e+00
    24.1927    0.00008     -0.161  25.680810  0.000e+00
    24.0814    0.00008     -0.150  25.680891  0.000e+00
    24.1898    0.00008     -0.144  25.680972  0.000e+00
    24.2080    0.00008     -0.143  25.681053  0.000e+00
    24.2821    0.00008     -0.130  25.681134  0.000e+00
    24.3989    0.00008     -0.130  25.681215  0.000e+00
    24.5487    0.00007     -0.135  25.681296  0.000e+00
    24.4221    0.00007     -0.134  25.681377  0.000e+00
    24.3388    0.00008     -0.135  25.681458  0.000e+00
    24.2872    0.00008     -0.132  25.681539  0.000e+00
    24.2839    0.00007     -0.130  25.681620  0.000e+00
    24.3490    0.00008     -0.128  25.681701  0.000e+00
    24.3905    0.00007     -0.126  25.681782  0.000e+00
    24.3225    0.00008     -0.128  25.681863  0.000e+00
    24.3035    0.00007     -0.132  25.681944  0.000e+00
    24.2053    0.00008     -0.125  25.682025  0.000e+00
    24.1794    0.00008     -0.135  25.682106  0.000e+00
    23.8704    0.00008     -0.132  25.682187  0.000e+00
    23.9712    0.00008     -0.132  25.682269  0.000e+00
    23.9257    0.00008     -0.135  25.682350  0.000e+00
    23.8953    0.00008     -0.139  25.682431  0.000e+00
    23.8330    0.00008     -0.137  25.682512  0.000e+00
    23.6906    0.00008     -0.141  25.682593  0.000e+00
    23.5438    0.00007     -0.137  25.682674  0.000e+00
    23.3766    0.00008     -0.144  25.682755  0.000e+00
    23.6472    0.00007     -0.139  25.682836  0.000e+00
    23.8314    0.00007     -0.137  25.682917  0.000e+00
    23.8801    0.00008     -0.139  25.682998  0.000e+00
    23.8298    0.00008     -0.144  25.683079  0.000e+00
    23.7040    0.00008     -0.141  25.683160  0.000e+00
    23.6298    0.00008     -0.141  25.683241  0.000e+00
    23.5489    0.00008     -0.143  25.683322  0.000e+00
    23.5663    0.00008     -0.141  25.683403  0.000e+00
    23.6854    0.00007     -0.141  25.683484  0.000e+00
    23.6677    0.00008     -0.144  25.683565  0.000e+00
    23.6249    0.00008     -0.141  25.683646  0.000e+00
    23.4945    0.00008     -0.144  25.683727  0.000e+00
    23.3228    0.00008     -0.146  25.683808  0.000e+00
    23.2890    0.00008     -0.143  25.683889  0.000e+00
    23.3325    0.00008     -0.143  25.683970  0.000e+00
    23.2849    0.00007     -0.144  25.684051  0.000e+00
    23.0264    0.00008     -0.146  25.684132  0.000e+00
    22.8169    0.00008     -0.146  25.684213  0.000e+00
    22.7867    0.00008     -0.146  25.684294  0.000e+00
    22.8878    0.00008     -0.146  25.684375  0.000e+00
    22.7766    0.00008     -0.146  25.684456  0.000e+00
    22.7000    0.00008     -0.144  25.684537  0.000e+00
    22.5989    0.00008     -0.144  25.684618  0.000e+00
    22.8185    0.00008     -0.146  25.684699  0.000e+00
    22.7820    0.00008     -0.146  25.684780  0.000e+00
    22.7018    0.00008     -0.146  25.684861  0.000e+00
    22.7328    0.00008     -0.146  25.684942  0.000e+00
    22.6084    0.00008     -0.144  25.685023  0.000e+00
    22.6225    0.00008     -0.146  25.685104  0.000e+00
    22.5813    0.00008     -0.148  25.685185  0.000e+00
    22.4999    0.00008     -0.144  25.685266  0.000e+00
    22.3862    0.00008     -0.144  25.685347  0.000e+00
    22.4016    0.00008     -0.143  25.685428  0.000e+00
    22.2603    0.00008     -0.143  25.685509  0.000e+00
    22.2791    0.00008     -0.146  25.685590  0.000e+00
    22.3208    0.00008     -0.144  25.685671  0.000e+00
    22.1516    0.00008     -0.146  25.685752  0.000e+00
    22.3608    0.00008     -0.146  25.685833  0.000e+00
    22.3663    0.00008     -0.146  25.685914  0.000e+00
    22.4365    0.00008     -0.146  25.685995  0.000e+00
    22.2226    0.00008     -0.146  25.686076  0.000e+00
    22.3212    0.00008     -0.146  25.686157  0.000e+00
    22.4364    0.00008     -0.144  25.686238  0.000e+00
    22.4633    0.00008     -0.144  25.686319  0.000e+00
    22.4986    0.00008     -0.146  25.686400  0.000e+00
    22.4278    0.00007     -0.144  25.686481  0.000e+00
    22.3635    0.00008     -0.144  25.686562  0.000e+00
    22.3523    0.00008     -0.144  25.686644  0.000e+00
    22.4668    0.00008     -0.146  25.686725  0.000e+00
    22.6165    0.00007     -0.146  25.686806  0.000e+00
    22.7077    0.00008     -0.146  25.686887  0.000e+00
    22.8580    0.00007     -0.146  25.686968  0.000e+00
    22.9243    0.00007     -0.146  25.687049  0.000e+00
    22.9995    0.00007     -0.146  25.687130  0.000e+00
    23.0789    0.00007     -0.143  25.687211  0.000e+00
    23.2111    0.00007     -0.144  25.687292  0.000e+00
    23.2633    0.00007     -0.144  25.687373  0.000e+00
    23.2599    0.00007     -0.146  25.687454  0.000e+00
    23.2026    0.00007     -0.144  25.687535  0.000e+00
    23.1873    0.00008     -0.144  25.687616  0.000e+00
    23.1697    0.00007     -0.144  25.687697  0.000e+00
    23.1804    0.00007     -0.143  25.687778  0.000e+00
    23.1191    0.00007     -0.143  25.687859  0.000e+00
    23.1021    0.00007     -0.144  25.687940  0.000e+00
    23.0811    0.00007     -0.144  25.688021  0.000e+00
    23.0074    0.00007     -0.144  25.688102  0.000e+00
    23.0319    0.00007     -0.146  25.688183  0.000e+00
    23.0741    0.00007     -0.146  25.688264  0.000e+00
    23.0979    0.00007     -0.148  25.688345  0.000e+00
    23.1098    0.00007     -0.148  25.688426  0.000e+00
    23.0632    0.00007     -0.148  25.688507  0.000e+00
    23.0673    0.00007     -0.148  25.688588  0.000e+00
    23.0346    0.00007     -0.148  25.688669  0.000e+00
    23.0310    0.00007     -0.148  25.688750  0.000e+00
    23.0390    0.00007     -0.148  25.688831  0.000e+00
    23.0573    0.00007     -0.148  25.688912  0.000e+00
    23.0770    0.00007     -0.143  25.688993  0.000e+00
    23.0280    0.00007     -0.148  25.689074  0.000e+00
    23.0326    0.00007     -0.150  25.689155  0.000e+00
    22.9944    0.00007     -0.155  25.689236  0.000e+00
    22.9669    0.00007     -0.155  25.689317  0.000e+00
    22.9486    0.00007     -0.153  25.689398  0.000e+00
    23.0079    0.00007     -0.153  25.689479  0.000e+00
    22.9589    0.00007     -0.155  25.689560  0.000e+00
    22.8642    0.00007     -0.153  25.689641  0.000e+00
    22.8392    0.00007     -0.153  25.689722  0.000e+00
    22.8072    0.00007     -0.155  25.689803  0.000e+00
    22.8152    0.00007     -0.153  25.689884  0.000e+00
    22.8230    0.00007     -0.153  25.689965  0.000e+00
    22.8596    0.00007     -0.155  25.690046  0.000e+00
    22.8795    0.00007     -0.153  25.690127  0.000e+00
    22.8945    0.00007     -0.155  25.690208  0.000e+00
    22.8850    0.00007     -0.153  25.690289  0.000e+00
    22.8362    0.00007     -0.153  25.690370  0.000e+00
    22.8328    0.00007     -0.155  25.690451  0.000e+00
    22.8721    0.00007     -0.155  25.690532  0.000e+00
    22.9338    0.00007     -0.155  25.690613  0.000e+00
    23.0151    0.00007     -0.155  25.690694  0.000e+00
    22.9764    0.00007     -0.155  25.690775  0.000e+00
    22.9235    0.00007     -0.155  25.690856  0.000e+00
    22.9495    0.00007     -0.155  25.690938  0.000e+00
    22.8846    0.00007     -0.155  25.691019  0.000e+00
    22.8237    0.00007     -0.155  25.691100  0.000e+00
    22.8940    0.00007     -0.157  25.691181  0.000e+00
    22.9166    0.00007     -0.157  25.691262  0.000e+00
    22.9959    0.00007     -0.155  25.691343  0.000e+00
    23.0589    0.00007     -0.157  25.691424  0.000e+00
    23.1215    0.00007     -0.157  25.691505  0.000e+00
    23.1680    0.00007     -0.157  25.691586  0.000e+00
    23.2803    0.00007     -0.157  25.691667  0.000e+00
    23.3687    0.00007     -0.157  25.691748  0.000e+00
    23.3749    0.00007     -0.157  25.691829  0.000e+00
    23.3846    0.00007     -0.157  25.691910  0.000e+00
    23.3241    0.00007     -0.159  25.691991  0.000e+00
    23.2309    0.00007     -0.157  25.692072  0.000e+00
    23.1812    0.00007     -0.157  25.692153  0.000e+00
    23.1844    0.00007     -0.159  25.692234  0.000e+00
    23.2967    0.00007     -0.159  25.692315  0.000e+00
    23.2310    0.00007     -0.159  25.692396  0.000e+00
    23.2962    0.00007     -0.157  25.692477  0.000e+00
    23.3641    0.00007     -0.159  25.692558  0.000e+00
    23.3743    0.00007     -0.159  25.692639  0.000e+00
    23.2862    0.00007     -0.159  25.692720  0.000e+00
    23.2535    0.00007     -0.159  25.692801  0.000e+00
    23.3040    0.00007     -0.159  25.692882  0.000e+00
    23.2549    0.00007     -0.159  25.692963  0.000e+00
    23.2796    0.00007     -0.159  25.693044  0.000e+00
    23.3744    0.00007     -0.159  25.693125  0.000e+00
    23.4423    0.00007     -0.159  25.693206  0.000e+00
    23.3900    0.00007     -0.159  25.693287  0.000e+00
    23.3914    0.00007     -0.159  25.693368  0.000e+00
    23.3836    0.00007     -0.159  25.693449  0.000e+00
    23.3405    0.00007     -0.159  25.693530  0.000e+00
    23.3414    0.00007     -0.159  25.693611  0.000e+00
    23.4159    0.00007     -0.159  25.693692  0.000e+00
    23.4749    0.00007     -0.159  25.693773  0.000e+00
    23.5055    0.00007     -0.159  25.693854  0.000e+00
    23.5550    0.00007     -0.159  25.693935  0.000e+00
    23.5692    0.00007     -0.159  25.694016  0.000e+00
    23.5139    0.00007     -0.159  25.694097  0.000e+00
    23.4951    0.00007     -0.159  25.694178  0.000e+00
    23.5024    0.00007     -0.159  25.694259  0.000e+00
    23.4099    0.00007     -0.159  25.694340  0.000e+00
    23.3968    0.00007     -0.159  25.694421  0.000e+00
    23.4496    0.00007     -0.159  25.694502  0.000e+00
    23.4786    0.00007     -0.159  25.694583  0.000e+00
    23.4993    0.00007     -0.159  25.694664  0.000e+00
    23.5441    0.00007     -0.159  25.694745  0.000e+00
    23.6382    0.00007     -0.161  25.694826  0.000e+00
    23.7571    0.00007     -0.159  25.694907  0.000e+00
    23.8113    0.00006     -0.159  25.694988  0.000e+00
    23.8501    0.00007     -0.159  25.695069  0.000e+00
    23.9103    0.00006     -0.159  25.695150  0.000e+00
    23.9794    0.00006     -0.161  25.695231  0.000e+00
    24.0231    0.00006     -0.161  25.695313  0.000e+00
    23.9386    0.00006     -0.159  25.695394  0.000e+00
    23.8759    0.00006     -0.159  25.695475  0.000e+00
    23.8553    0.00007     -0.159  25.695556  0.000e+00
    23.8156    0.00006     -0.159  25.695637  0.000e+00
    23.8489    0.00006     -0.159  25.695718  0.000e+00
    23.8071    0.00006     -0.159  25.695799  0.000e+00
    23.8286    0.00007     -0.159  25.695880  0.000e+00
    23.8033    0.00007     -0.159  25.695961  0.000e+00
    23.7256    0.00007     -0.159  25.696042  0.000e+00
    23.7315    0.00007     -0.159  25.696123  0.000e+00
    23.7620    0.00006     -0.159  25.696204  0.000e+00
    23.8598    0.00007     -0.159  25.696285  0.000e+00
    23.8659    0.00006     -0.159  25.696366  0.000e+00
    23.9406    0.00006     -0.159  25.696447  0.000e+00
    23.9810    0.00006     -0.159  25.696528  0.000e+00
    24.0019    0.00006     -0.159  25.696609  0.000e+00
    24.0429    0.00007     -0.159  25.696690  0.000e+00
    24.0780    0.00006     -0.159  25.696771  0.000e+00
    24.0974    0.00006     -0.159  25.696852  0.000e+00
    24.1442    0.00006     -0.159  25.696933  0.000e+00
    24.1735    0.00006     -0.159  25.697014  0.000e+00
    24.1536    0.00006     -0.159  25.697095  0.000e+00
    24.2166    0.00007     -0.159  25.697176  0.000e+00
    24.3804    0.00007     -0.159  25.697257  0.000e+00
    24.3616    0.00006     -0.159  25.697338  0.000e+00
    24.3990    0.00006     -0.159  25.697419  0.000e+00
    24.4419    0.00006     -0.159  25.697500  0.000e+00
    24.4901    0.00006     -0.159  25.697581  0.000e+00
    24.5408    0.00006     -0.159  25.697662  0.000e+00
    24.5332    0.00006     -0.159  25.697743  0.000e+00
    24.5257    0.00006     -0.159  25.697824  0.000e+00
    24.5112    0.00007     -0.159  25.697905  0.000e+00
    24.4752    0.00007     -0.159  25.697986  0.000e+00
    24.4890    0.00006     -0.159  25.698067  0.000e+00
    24.4150    0.00006     -0.159  25.698148  0.000e+00
    24.4827    0.00006     -0.159  25.698229  0.000e+00
    24.5068    0.00006     -0.159  25.698310  0.000e+00
    24.5436    0.00006     -0.159  25.698391  0.000e+00
    24.5006    0.00006     -0.159  25.698472  0.000e+00
    24.4612    0.00006     -0.159  25.698553  0.000e+00
    24.5048    0.00007     -0.159  25.698634  0.000e+00
    24.5805    0.00007     -0.159  25.698715  0.000e+00
