data/raw/25-01-17/stations_25-01_2017.asc
* Sea-Bird SBE37 Data File:
* FileName = C:\Documents and Settings\Usuário(a)\Desktop\CTD_LAGOA\stations_1-1911_piloto.asc
* Software Version 1.59
* Temperature SN = 2603
* Conductivity SN = 2603
* System UpLoad Time = Jan 27 2017 13:53:11
* ds
* SBE37-SM V 2.2  SERIAL NO. 2603    27 Jan 2017  13:26:10
*END*
[from data line 629]
 28.1518, 2.12471,    1.390, 25 Jan 2017, 15:46:04
 28.1693, 2.22199,    1.276, 25 Jan 2017, 15:46:11
 28.1630, 2.35679,    1.568, 25 Jan 2017, 15:46:18
 27.6885, 3.18162,    2.028, 25 Jan 2017, 15:46:25
 27.1872, 3.74385,    2.510, 25 Jan 2017, 15:46:32
 27.1311, 3.74410,    3.001, 25 Jan 2017, 15:46:39
 27.0573, 3.92968,    3.447, 25 Jan 2017, 15:46:46
 26.8600, 4.06684,    3.769, 25 Jan 2017, 15:46:53
 26.8061, 4.26344,    4.163, 25 Jan 2017, 15:47:00
 26.4850, 4.57515,    4.589, 25 Jan 2017, 15:47:07
 26.2395, 4.75507,    5.049, 25 Jan 2017, 15:47:14
 26.1205, 4.84177,    5.927, 25 Jan 2017, 15:47:21
 26.1052, 4.85439,    6.024, 25 Jan 2017, 15:47:28
 26.1168, 4.87705,    6.103, 25 Jan 2017, 15:47:35
 26.1690, 4.86739,    5.391, 25 Jan 2017, 15:47:42
 26.2337, 4.82227,    4.828, 25 Jan 2017, 15:47:49
 26.2338, 4.81354,    4.585, 25 Jan 2017, 15:47:56
 26.5114, 4.70693,    4.039, 25 Jan 2017, 15:48:03
 26.6917, 4.57289,    3.573, 25 Jan 2017, 15:48:10
 26.9539, 4.40792,    2.879, 25 Jan 2017, 15:48:17
 27.3926, 4.22493,    2.332, 25 Jan 2017, 15:48:24
 27.6331, 3.81554,    1.789, 25 Jan 2017, 15:48:31
 28.0814, 3.54943,    1.168, 25 Jan 2017, 15:48:38
 28.0959, 2.56805,    0.514, 25 Jan 2017, 15:48:45
 28.0815, 2.45329,    0.253, 25 Jan 2017, 15:48:52
 28.0631, 2.06417,   -0.026, 25 Jan 2017, 15:48:59
 27.1473, 0.03249,   -0.128, 25 Jan 2017, 15:49:06
 26.7598, 0.00007,   -0.126, 25 Jan 2017, 15:49:13
 26.6324, 0.00006,   -0.128, 25 Jan 2017, 15:49:20
 26.5765, 0.00007,   -0.128, 25 Jan 2017, 15:49:27
 26.5234, 0.00006,   -0.130, 25 Jan 2017, 15:49:34
 26.4264, 0.00006,   -0.130, 25 Jan 2017, 15:49:41
 26.2973, 0.00007,   -0.134, 25 Jan 2017, 15:49:48
 26.1973, 0.00006,   -0.134, 25 Jan 2017, 15:49:55
 26.1178, 0.00006,   -0.134, 25 Jan 2017, 15:50:02
 26.0641, 0.00007,   -0.135, 25 Jan 2017, 15:50:09
 26.0406, 0.00007,   -0.135, 25 Jan 2017, 15:50:16
 25.9899, 0.00007,   -0.135, 25 Jan 2017, 15:50:23
 25.9733, 0.00007,   -0.135, 25 Jan 2017, 15:50:30
 25.8719, 0.00007,   -0.137, 25 Jan 2017, 15:50:37
 25.7867, 0.00007,   -0.137, 25 Jan 2017, 15:50:44
 25.7026, 0.00007,   -0.137, 25 Jan 2017, 15:50:51
 25.6212, 0.00007,   -0.139, 25 Jan 2017, 15:50:58
 25.5856, 0.00007,   -0.137, 25 Jan 2017, 15:51:05
 25.5775, 0.00007,   -0.139, 25 Jan 2017, 15:51:12
 25.5706, 0.00006,   -0.139, 25 Jan 2017, 15:51:19
 25.5381, 0.00007,   -0.139, 25 Jan 2017, 15:51:26
 25.5575, 0.00007,   -0.139, 25 Jan 2017, 15:51:33
 25.5226, 0.00007,   -0.141, 25 Jan 2017, 15:51:40
 25.5193, 0.00007,   -0.141, 25 Jan 2017, 15:51:47
 25.5608, 0.00007,   -0.139, 25 Jan 2017, 15:51:54
 25.6445, 0.00007,   -0.141, 25 Jan 2017, 15:52:01
 25.7698, 0.00006,   -0.141, 25 Jan 2017, 15:52:08
 25.8431, 0.00007,   -0.141, 25 Jan 2017, 15:52:15
 25.8318, 0.00006,   -0.139, 25 Jan 2017, 15:52:22
 25.7724, 0.00006,   -0.139, 25 Jan 2017, 15:52:29
 25.7429, 0.00007,   -0.141, 25 Jan 2017, 15:52:36
 25.6978, 0.00007,   -0.135, 25 Jan 2017, 15:52:43
 25.6217, 0.00007,   -0.137, 25 Jan 2017, 15:52:50
 25.7197, 0.00007,   -0.137, 25 Jan 2017, 15:52:57
 25.7994, 0.00007,   -0.137, 25 Jan 2017, 15:53:04
 25.7050, 0.00006,   -0.135, 25 Jan 2017, 15:53:11
 25.6813, 0.00007,   -0.134, 25 Jan 2017, 15:53:18
 25.7478, 0.00007,   -0.134, 25 Jan 2017, 15:53:25
 25.7143, 0.00007,   -0.135, 25 Jan 2017, 15:53:32
 25.5927, 0.00007,   -0.135, 25 Jan 2017, 15:53:39
 25.5992, 0.00007,   -0.135, 25 Jan 2017, 15:53:46
 25.6920, 0.00007,   -0.137, 25 Jan 2017, 15:53:53
 25.6901, 0.00007,   -0.137, 25 Jan 2017, 15:54:00
 25.5936, 0.00007,   -0.137, 25 Jan 2017, 15:54:07
 25.6140, 0.00007,   -0.139, 25 Jan 2017, 15:54:14
 25.5927, 0.00007,   -0.139, 25 Jan 2017, 15:54:21
 25.7067, 0.00007,   -0.139, 25 Jan 2017, 15:54:28
 25.8500, 0.00006,   -0.137, 25 Jan 2017, 15:54:35
 26.9961, 1.99693,    0.030, 25 Jan 2017, 15:54:42
 28.5563, 2.40327,    0.008, 25 Jan 2017, 15:54:49
 28.7755, 2.70739,   -0.006, 25 Jan 2017, 15:54:56
 28.4426, 2.75575,    0.142, 25 Jan 2017, 15:55:03
 28.7748, 2.74811,   -0.038, 25 Jan 2017, 15:55:10
 28.3935, 2.87350,    0.428, 25 Jan 2017, 15:55:17
 28.3972, 2.96539,    0.823, 25 Jan 2017, 15:55:24
 28.3998, 2.96308,    1.066, 25 Jan 2017, 15:55:31
 28.4006, 3.00145,    1.073, 25 Jan 2017, 15:55:38
 28.4004, 3.00656,    0.917, 25 Jan 2017, 15:55:45
 28.3988, 3.01146,    0.985, 25 Jan 2017, 15:55:52
 28.3952, 3.01344,    0.393, 25 Jan 2017, 15:55:59
 28.3891, 3.00125,    0.143, 25 Jan 2017, 15:56:06
 28.5179, 0.17839,   -0.135, 25 Jan 2017, 15:56:13
 27.5515, 0.00006,   -0.139, 25 Jan 2017, 15:56:20
 27.1866, 0.00006,   -0.139, 25 Jan 2017, 15:56:27
 26.9985, 0.00007,   -0.139, 25 Jan 2017, 15:56:34
 26.8576, 0.00007,   -0.139, 25 Jan 2017, 15:56:41
 26.8142, 0.00007,   -0.141, 25 Jan 2017, 15:56:48
 26.7200, 0.00007,   -0.141, 25 Jan 2017, 15:56:55
 26.6757, 0.00007,   -0.143, 25 Jan 2017, 15:57:02
 26.5404, 0.00007,   -0.143, 25 Jan 2017, 15:57:09
 26.3999, 0.00007,   -0.143, 25 Jan 2017, 15:57:16
 26.3798, 0.00007,   -0.143, 25 Jan 2017, 15:57:23
 26.3779, 0.00007,   -0.143, 25 Jan 2017, 15:57:30
 26.3738, 0.00007,   -0.143, 25 Jan 2017, 15:57:37
 26.3711, 0.00007,   -0.143, 25 Jan 2017, 15:57:44
 26.1090, 0.00007,   -0.143, 25 Jan 2017, 15:57:51
 25.9873, 0.00007,   -0.144, 25 Jan 2017, 15:57:58
 25.9032, 0.00008,   -0.144, 25 Jan 2017, 15:58:05
 25.7849, 0.00008,   -0.144, 25 Jan 2017, 15:58:12
 25.7056, 0.00007,   -0.146, 25 Jan 2017, 15:58:19
 25.8082, 0.00007,   -0.150, 25 Jan 2017, 15:58:26
 25.6964, 0.00007,   -0.150, 25 Jan 2017, 15:58:33
 25.6812, 0.00007,   -0.150, 25 Jan 2017, 15:58:40
 25.5393, 0.00008,   -0.150, 25 Jan 2017, 15:58:47
 25.4503, 0.00007,   -0.150, 25 Jan 2017, 15:58:54
 25.3917, 0.00007,   -0.152, 25 Jan 2017, 15:59:01
 25.4048, 0.00007,   -0.152, 25 Jan 2017, 15:59:08
 25.3667, 0.00007,   -0.152, 25 Jan 2017, 15:59:15
 25.3215, 0.00008,   -0.146, 25 Jan 2017, 15:59:22
 25.4225, 0.00008,   -0.146, 25 Jan 2017, 15:59:29
 25.4286, 0.00007,   -0.146, 25 Jan 2017, 15:59:36
 25.4146, 0.00007,   -0.144, 25 Jan 2017, 15:59:43
 25.3774, 0.00007,   -0.144, 25 Jan 2017, 15:59:50
 25.4291, 0.00007,   -0.144, 25 Jan 2017, 15:59:57
 25.4168, 0.00007,   -0.144, 25 Jan 2017, 16:00:04
 25.4482, 0.00007,   -0.146, 25 Jan 2017, 16:00:11
 25.3799, 0.00007,   -0.146, 25 Jan 2017, 16:00:18
 25.3676, 0.00007,   -0.146, 25 Jan 2017, 16:00:25
 25.4149, 0.00007,   -0.146, 25 Jan 2017, 16:00:32
 25.5005, 0.00007,   -0.146, 25 Jan 2017, 16:00:39
 25.2411, 0.00006,   -0.146, 25 Jan 2017, 16:00:46
 25.2581, 0.00006,   -0.144, 25 Jan 2017, 16:00:53
 25.3703, 0.00006,   -0.144, 25 Jan 2017, 16:01:00
 25.4081, 0.00006,   -0.144, 25 Jan 2017, 16:01:07
 24.9858, 0.00006,   -0.143, 25 Jan 2017, 16:01:14
 24.9775, 0.00006,   -0.143, 25 Jan 2017, 16:01:21
 25.1004, 0.00008,   -0.137, 25 Jan 2017, 16:01:28
 25.1725, 0.00007,   -0.137, 25 Jan 2017, 16:01:35
 25.3050, 0.00007,   -0.139, 25 Jan 2017, 16:01:42
 25.4365, 0.00007,   -0.141, 25 Jan 2017, 16:01:49
 25.5570, 0.00007,   -0.143, 25 Jan 2017, 16:01:56
 25.7319, 0.00007,   -0.139, 25 Jan 2017, 16:02:03
 25.7450, 0.00007,   -0.141, 25 Jan 2017, 16:02:10
 25.6255, 0.00007,   -0.141, 25 Jan 2017, 16:02:17
 25.4268, 0.00007,   -0.141, 25 Jan 2017, 16:02:24
 25.2122, 0.00007,   -0.143, 25 Jan 2017, 16:02:31
 25.1749, 0.00007,   -0.143, 25 Jan 2017, 16:02:38
 25.3275, 0.00007,   -0.144, 25 Jan 2017, 16:02:45
 25.4921, 0.00007,   -0.144, 25 Jan 2017, 16:02:52
 25.5295, 0.00007,   -0.144, 25 Jan 2017, 16:02:59
 25.5840, 0.00007,   -0.146, 25 Jan 2017, 16:03:06
 25.6212, 0.00007,   -0.144, 25 Jan 2017, 16:03:13
 25.6032, 0.00007,   -0.144, 25 Jan 2017, 16:03:20
 25.6418, 0.00007,   -0.144, 25 Jan 2017, 16:03:27
 25.5786, 0.00007,   -0.144, 25 Jan 2017, 16:03:34
 25.5172, 0.00007,   -0.144, 25 Jan 2017, 16:03:41
 25.5550, 0.00007,   -0.144, 25 Jan 2017, 16:03:48
 25.5781, 0.00007,   -0.146, 25 Jan 2017, 16:03:55
 25.6639, 0.00007,   -0.146, 25 Jan 2017, 16:04:02
 25.6918, 0.00007,   -0.146, 25 Jan 2017, 16:04:09
 25.7461, 0.00007,   -0.146, 25 Jan 2017, 16:04:16
 25.7574, 0.00007,   -0.146, 25 Jan 2017, 16:04:23
 25.7776, 0.00007,   -0.146, 25 Jan 2017, 16:04:30
 25.6310, 0.00007,   -0.146, 25 Jan 2017, 16:04:37
 25.4065, 0.00007,   -0.146, 25 Jan 2017, 16:04:44
 25.3508, 0.00007,   -0.146, 25 Jan 2017, 16:04:51
 25.1274, 0.00007,   -0.146, 25 Jan 2017, 16:04:58
 25.0410, 0.00008,   -0.144, 25 Jan 2017, 16:05:05
 25.3545, 0.00007,   -0.148, 25 Jan 2017, 16:05:12
 29.2442, 2.70115,   -0.058, 25 Jan 2017, 16:05:19
 29.3322, 2.68777,   -0.042, 25 Jan 2017, 16:05:26
 29.3559, 2.70266,   -0.035, 25 Jan 2017, 16:05:33
 29.3673, 2.72860,    0.208, 25 Jan 2017, 16:05:40
 29.3746, 2.71949,    0.410, 25 Jan 2017, 16:05:47
 29.4258, 2.72731,    0.798, 25 Jan 2017, 16:05:54
 29.4828, 2.72834,    0.920, 25 Jan 2017, 16:06:01
 29.5094, 2.75423,    0.969, 25 Jan 2017, 16:06:08
 29.4797, 2.78512,    0.739, 25 Jan 2017, 16:06:15
 29.4814, 2.80035,    0.620, 25 Jan 2017, 16:06:22
 29.4384, 2.80277,    0.399, 25 Jan 2017, 16:06:29
 29.4081, 2.80109,    0.215, 25 Jan 2017, 16:06:36
 29.4129, 2.78962,    0.044, 25 Jan 2017, 16:06:43
 27.6029, 0.05223,   -0.148, 25 Jan 2017, 16:06:50
 26.7291, 0.00006,   -0.155, 25 Jan 2017, 16:06:57
 26.5372, 0.00006,   -0.157, 25 Jan 2017, 16:07:04
 26.6013, 0.00006,   -0.157, 25 Jan 2017, 16:07:11
 26.5788, 0.00006,   -0.157, 25 Jan 2017, 16:07:18
 26.4444, 0.00006,   -0.157, 25 Jan 2017, 16:07:25
 26.3126, 0.00006,   -0.157, 25 Jan 2017, 16:07:32
 26.3525, 0.00006,   -0.157, 25 Jan 2017, 16:07:39
 26.3709, 0.00006,   -0.157, 25 Jan 2017, 16:07:46
 26.3040, 0.00006,   -0.157, 25 Jan 2017, 16:07:53
 26.1517, 0.00006,   -0.157, 25 Jan 2017, 16:08:00
 26.2120, 0.00006,   -0.157, 25 Jan 2017, 16:08:07
 26.1591, 0.00006,   -0.157, 25 Jan 2017, 16:08:14
 26.0086, 0.00006,   -0.157, 25 Jan 2017, 16:08:21
 25.9181, 0.00006,   -0.157, 25 Jan 2017, 16:08:28
 25.9424, 0.00006,   -0.157, 25 Jan 2017, 16:08:35
 25.9865, 0.00006,   -0.157, 25 Jan 2017, 16:08:42
 25.9616, 0.00006,   -0.157, 25 Jan 2017, 16:08:49
 26.1039, 0.00006,   -0.159, 25 Jan 2017, 16:08:56
 26.0608, 0.00006,   -0.159, 25 Jan 2017, 16:09:03
 25.8937, 0.00006,   -0.159, 25 Jan 2017, 16:09:10
 25.7508, 0.00007,   -0.159, 25 Jan 2017, 16:09:17
 25.8943, 0.00007,   -0.159, 25 Jan 2017, 16:09:24
 25.9591, 0.00007,   -0.159, 25 Jan 2017, 16:09:31
 26.0925, 0.00006,   -0.159, 25 Jan 2017, 16:09:38
 26.1265, 0.00007,   -0.159, 25 Jan 2017, 16:09:45
 26.1754, 0.00006,   -0.159, 25 Jan 2017, 16:09:52
 26.1946, 0.00006,   -0.157, 25 Jan 2017, 16:09:59
 26.2417, 0.00006,   -0.159, 25 Jan 2017, 16:10:06
 26.2462, 0.00006,   -0.157, 25 Jan 2017, 16:10:13
 26.2468, 0.00006,   -0.157, 25 Jan 2017, 16:10:20
 26.2156, 0.00006,   -0.157, 25 Jan 2017, 16:10:27
 26.2191, 0.00006,   -0.157, 25 Jan 2017, 16:10:34
 26.2598, 0.00006,   -0.157, 25 Jan 2017, 16:10:41
 26.2200, 0.00007,   -0.157, 25 Jan 2017, 16:10:48
 26.3343, 0.00006,   -0.157, 25 Jan 2017, 16:10:55
 26.3123, 0.00007,   -0.157, 25 Jan 2017, 16:11:02
 26.3104, 0.00006,   -0.157, 25 Jan 2017, 16:11:09
 26.2608, 0.00006,   -0.155, 25 Jan 2017, 16:11:16
 26.2365, 0.00006,   -0.153, 25 Jan 2017, 16:11:23
 26.2056, 0.00006,   -0.153, 25 Jan 2017, 16:11:30
 26.2097, 0.00007,   -0.152, 25 Jan 2017, 16:11:37
 26.1581, 0.00006,   -0.152, 25 Jan 2017, 16:11:44
 26.2075, 0.00006,   -0.152, 25 Jan 2017, 16:11:51
 26.1389, 0.00007,   -0.152, 25 Jan 2017, 16:11:58
 26.1254, 0.00007,   -0.150, 25 Jan 2017, 16:12:05
 26.1594, 0.00006,   -0.148, 25 Jan 2017, 16:12:12
 26.1776, 0.00006,   -0.148, 25 Jan 2017, 16:12:19
 26.1199, 0.00006,   -0.148, 25 Jan 2017, 16:12:26
 26.0764, 0.00006,   -0.146, 25 Jan 2017, 16:12:33
 26.1148, 0.00007,   -0.146, 25 Jan 2017, 16:12:40
 26.1253, 0.00006,   -0.146, 25 Jan 2017, 16:12:47
 25.9955, 0.00006,   -0.144, 25 Jan 2017, 16:12:54
 25.9727, 0.00006,   -0.144, 25 Jan 2017, 16:13:01
 26.0226, 0.00006,   -0.144, 25 Jan 2017, 16:13:08
 25.9883, 0.00007,   -0.144, 25 Jan 2017, 16:13:15
 26.0203, 0.00007,   -0.144, 25 Jan 2017, 16:13:22
 26.0248, 0.00006,   -0.144, 25 Jan 2017, 16:13:29
 26.0559, 0.00006,   -0.144, 25 Jan 2017, 16:13:36
 26.0193, 0.00007,   -0.144, 25 Jan 2017, 16:13:43
 26.0190, 0.00006,   -0.144, 25 Jan 2017, 16:13:50
 25.7649, 0.00007,   -0.143, 25 Jan 2017, 16:13:57
 25.6990, 0.00007,   -0.144, 25 Jan 2017, 16:14:04
 25.7033, 0.00007,   -0.146, 25 Jan 2017, 16:14:11
 25.6885, 0.00006,   -0.146, 25 Jan 2017, 16:14:18
 25.5012, 0.00007,   -0.144, 25 Jan 2017, 16:14:25
 25.3572, 0.00007,   -0.146, 25 Jan 2017, 16:14:32
 25.3958, 0.00007,   -0.150, 25 Jan 2017, 16:14:39
 25.6258, 0.00007,   -0.157, 25 Jan 2017, 16:14:46
 25.9546, 0.00006,   -0.168, 25 Jan 2017, 16:14:53
 26.2891, 0.00006,   -0.173, 25 Jan 2017, 16:15:00
 26.1300, 0.00006,   -0.168, 25 Jan 2017, 16:15:07
 26.0271, 0.00006,   -0.161, 25 Jan 2017, 16:15:14
 25.8269, 0.00006,   -0.161, 25 Jan 2017, 16:15:21
 25.7080, 0.00006,   -0.161, 25 Jan 2017, 16:15:28
 25.7062, 0.00007,   -0.159, 25 Jan 2017, 16:15:35
 25.9293, 0.00006,   -0.155, 25 Jan 2017, 16:15:42
 26.3211, 0.00006,   -0.155, 25 Jan 2017, 16:15:49
 26.4421, 0.00006,   -0.157, 25 Jan 2017, 16:15:56
 26.0371, 0.00006,   -0.150, 25 Jan 2017, 16:16:03
 26.0516, 0.00008,   -0.148, 25 Jan 2017, 16:16:10
 26.0598, 0.00006,   -0.148, 25 Jan 2017, 16:16:17
 25.9277, 0.00007,   -0.153, 25 Jan 2017, 16:16:24
 25.8103, 0.00007,   -0.157, 25 Jan 2017, 16:16:31
 25.6432, 0.00008,   -0.155, 25 Jan 2017, 16:16:38
 25.6338, 0.01190,   -0.159, 25 Jan 2017, 16:16:45
 25.4426, 0.00008,   -0.161, 25 Jan 2017, 16:16:52
 25.3787, 0.00007,   -0.153, 25 Jan 2017, 16:16:59
 25.3037, 0.00007,   -0.153, 25 Jan 2017, 16:17:06
 25.4400, 0.00007,   -0.155, 25 Jan 2017, 16:17:13
 25.3249, 0.00007,   -0.155, 25 Jan 2017, 16:17:20
 24.9112, 0.00007,   -0.152, 25 Jan 2017, 16:17:27
 25.4745, 0.00008,   -0.155, 25 Jan 2017, 16:17:34
 25.0191, 0.00007,   -0.153, 25 Jan 2017, 16:17:41
 25.0469, 0.00008,   -0.153, 25 Jan 2017, 16:17:48
 25.0183, 0.00008,   -0.153, 25 Jan 2017, 16:17:55
 24.8872, 0.00008,   -0.150, 25 Jan 2017, 16:18:02
 24.9107, 0.00008,   -0.152, 25 Jan 2017, 16:18:09
 24.9196, 0.00008,   -0.153, 25 Jan 2017, 16:18:16
 24.8922, 0.00008,   -0.153, 25 Jan 2017, 16:18:23
 24.6590, 0.00008,   -0.153, 25 Jan 2017, 16:18:30
 24.6570, 0.00008,   -0.153, 25 Jan 2017, 16:18:37
 24.8792, 0.00008,   -0.155, 25 Jan 2017, 16:18:44
 24.7258, 0.00008,   -0.155, 25 Jan 2017, 16:18:51
 24.5385, 0.00008,   -0.157, 25 Jan 2017, 16:18:58
 24.6386, 0.00008,   -0.159, 25 Jan 2017, 16:19:05
 24.5075, 0.00008,   -0.159, 25 Jan 2017, 16:19:12
 24.4392, 0.00008,   -0.157, 25 Jan 2017, 16:19:19
 24.4271, 0.00008,   -0.161, 25 Jan 2017, 16:19:26
 24.5543, 0.00007,   -0.159, 25 Jan 2017, 16:19:33
 24.4745, 0.00007,   -0.159, 25 Jan 2017, 16:19:40
 24.4740, 0.00007,   -0.155, 25 Jan 2017, 16:19:47
 24.4086, 0.00007,   -0.162, 25 Jan 2017, 16:19:54
 24.4476, 0.00007,   -0.162, 25 Jan 2017, 16:20:01
 24.2683, 0.00007,   -0.164, 25 Jan 2017, 16:20:08
 24.2264, 0.00008,   -0.162, 25 Jan 2017, 16:20:15
 24.1927, 0.00008,   -0.161, 25 Jan 2017, 16:20:22
 24.0814, 0.00008,   -0.150, 25 Jan 2017, 16:20:29
 24.1898, 0.00008,   -0.144, 25 Jan 2017, 16:20:36
 24.2080, 0.00008,   -0.143, 25 Jan 2017, 16:20:43
 24.2821, 0.00008,   -0.130, 25 Jan 2017, 16:20:50
 24.3989, 0.00008,   -0.130, 25 Jan 2017, 16:20:57
 24.5487, 0.00007,   -0.135, 25 Jan 2017, 16:21:04
 24.4221, 0.00007,   -0.134, 25 Jan 2017, 16:21:11
 24.3388, 0.00008,   -0.135, 25 Jan 2017, 16:21:18
 24.2872, 0.00008,   -0.132, 25 Jan 2017, 16:21:25
 24.2839, 0.00007,   -0.130, 25 Jan 2017, 16:21:32
 24.3490, 0.00008,   -0.128, 25 Jan 2017, 16:21:39
 24.3905, 0.00007,   -0.126, 25 Jan 2017, 16:21:46
 24.3225, 0.00008,   -0.128, 25 Jan 2017, 16:21:53
 24.3035, 0.00007,   -0.132, 25 Jan 2017, 16:22:00
 24.2053, 0.00008,   -0.125, 25 Jan 2017, 16:22:07
 24.1794, 0.00008,   -0.135, 25 Jan 2017, 16:22:14
 23.8704, 0.00008,   -0.132, 25 Jan 2017, 16:22:21
 23.9712, 0.00008,   -0.132, 25 Jan 2017, 16:22:28
