data/raw/25-01-17/stations_25-01_2017.cnv
* Sea-Bird SBE37 Data File:
* FileName = C:\Documents and Settings\Usuário(a)\Desktop\CTD_LAGOA\stations_1-1911_piloto.asc
* Software Version 1.59
* Temperature SN = 2603
* Conductivity SN = 2603
* System UpLoad Time = Jan 27 2017 13:53:11
* ds
* SBE37-SM V 2.2  SERIAL NO. 2603    27 Jan 2017  13:26:10
# nquan = 5
# nvalues =     1911
# units = metric
# name 0 = t090: temperature, ITS-90 [deg C]
# name 1 = c0S/m: conductivity [S/m]
# name 2 = pr: pressure [db]
# name 3 = timeJ: time [julian days]
# name 4 = flag:  0.000e+00
# span 0 = 22.1516, 31.8219           
# span 1 = 0.00004, 5.38154           
# span 2 = -0.179, 7.837              
# span 3 = 25.591771, 25.761019       
# span 4 = 0.000e+00, 0.000e+00       
# interval = seconds: 5
# start_time = Jan 25 2017 15:37:22
# bad_flag = -9.990e-29
*END*
[from data line 1715]
    24.1852    0.00008     -0.126  25.745220  0.000e+00
    23.9620    0.00008     -0.125  25.745301  0.000e+00
    23.9468    0.00008     -0.125  25.745382  0.000e+00
    23.9887    0.00008     -0.125  25.745463  0.000e+00
    23.9526    0.00008     -0.126  25.745544  0.000e+00
    24.1152    0.00008     -0.125  25.745625  0.000e+00
    24.0431    0.00008     -0.125  25.745706  0.000e+00
    24.0346    0.00008     -0.125  25.745787  0.000e+00
    24.0186    0.00008     -0.125  25.745868  0.000e+00
    24.0595    0.00008     -0.123  25.745949  0.000e+00
    24.0969    0.00008     -0.125  25.746030  0.000e+00
    24.1048    0.00008     -0.125  25.746111  0.000e+00
    23.9784    0.00008     -0.125  25.746192  0.000e+00
    23.8636    0.00008     -0.125  25.746273  0.000e+00
    23.8561    0.00008     -0.126  25.746354  0.000e+00
    23.7296    0.00008     -0.126  25.746435  0.000e+00
    23.9512    0.00008     -0.125  25.746516  0.000e+00
    23.9233    0.00008     -0.126  25.746597  0.000e+00
    23.9346    0.00008     -0.126  25.746678  0.000e+00
    23.9399    0.00008     -0.126  25.746759  0.000e+00
    23.9150    0.00008     -0.126  25.746840  0.000e+00
    23.8578    0.00008     -0.126  25.746921  0.000e+00
    23.9486    0.00008     -0.128  25.747002  0.000e+00
    24.0745    0.00008     -0.130  25.747083  0.000e+00
    23.9701    0.00008     -0.126  25.747164  0.000e+00
    24.0521    0.00008     -0.128  25.747245  0.000e+00
    24.1371    0.00008     -0.126  25.747326  0.000e+00
    24.0956    0.00008     -0.126  25.747407  0.000e+00
    24.3915    0.00008     -0.128  25.747488  0.000e+00
    24.2665    0.00008     -0.126  25.747569  0.000e+00
    24.2323    0.00008     -0.128  25.747650  0.000e+00
    24.0750    0.00008     -0.130  25.747731  0.000e+00
    24.0573    0.00008     -0.126  25.747812  0.000e+00
    24.2511    0.00008     -0.126  25.747894  0.000e+00
    24.2882    0.00008     -0.128  25.747975  0.000e+00
    24.4488    0.00008     -0.128  25.748056  0.000e+00
    24.2703    0.00008     -0.126  25.748137  0.000e+00
    24.2469    0.00008     -0.126  25.748218  0.000e+00
    24.2899    0.00008     -0.130  25.748299  0.000e+00
    24.2256    0.00008     -0.126  25.748380  0.000e+00
    24.3674    0.00008     -0.128  25.748461  0.000e+00
    24.3924    0.00008     -0.132  25.748542  0.000e+00
    24.2364    0.00008     -0.126  25.748623  0.000e+00
    24.2395    0.00008     -0.128  25.748704  0.000e+00
    24.2909    0.00008     -0.128  25.748785  0.000e+00
    24.0947    0.00008     -0.128  25.748866  0.000e+00
    24.1021    0.00008     -0.128  25.748947  0.000e+00
    24.0019    0.00008     -0.126  25.749028  0.000e+00
    24.0221    0.00008     -0.130  25.749109  0.000e+00
    24.0650    0.00008     -0.130  25.749190  0.000e+00
    23.8964    0.00008     -0.126  25.749271  0.000e+00
    24.1522    0.00008     -0.130  25.749352  0.000e+00
    24.1688    0.00008     -0.132  25.749433  0.000e+00
    24.1583    0.00008     -0.132  25.749514  0.000e+00
    24.3006    0.00008     -0.128  25.749595  0.000e+00
    24.3307    0.00007     -0.132  25.749676  0.000e+00
    24.2640    0.00008     -0.130  25.749757  0.000e+00
    24.4485    0.00008     -0.130  25.749838  0.000e+00
    24.3590    0.00007     -0.132  25.749919  0.000e+00
    24.4428    0.00008     -0.130  25.750000  0.000e+00
    24.2782    0.00007     -0.130  25.750081  0.000e+00
    24.3388    0.00008     -0.130  25.750162  0.000e+00
    24.4293    0.00008     -0.130  25.750243  0.000e+00
    24.2313    0.00008     -0.128  25.750324  0.000e+00
    24.1447    0.00008     -0.130  25.750405  0.000e+00
    24.1553    0.00008     -0.132  25.750486  0.000e+00
    24.1449    0.00008     -0.132  25.750567  0.000e+00
    24.0862    0.00008     -0.130  25.750648  0.000e+00
    24.2003    0.00007     -0.132  25.750729  0.000e+00
    24.2763    0.00007     -0.128  25.750810  0.000e+00
    24.2700    0.00008     -0.132  25.750891  0.000e+00
    24.3420    0.00007     -0.132  25.750972  0.000e+00
    24.4208    0.00007     -0.132  25.751053  0.000e+00
    24.3312    0.00008     -0.132  25.751134  0.000e+00
    24.2998    0.00008     -0.132  25.751215  0.000e+00
    24.2727    0.00007     -0.132  25.751296  0.000e+00
    24.2594    0.00008     -0.132  25.751377  0.000e+00
    24.2418    0.00007     -0.132  25.751458  0.000e+00
    24.1567    0.00008     -0.132  25.751539  0.000e+00
    24.2026    0.00008     -0.134  25.751620  0.000e+00
    24.3541    0.00007     -0.134  25.751701  0.000e+00
    24.4323    0.00007     -0.134  25.751782  0.000e+00
    24.3429    0.00007     -0.132  25.751863  0.000e+00
    24.3079    0.00007     -0.132  25.751944  0.000e+00
    24.3152    0.00007     -0.134  25.752025  0.000e+00
    24.3958    0.00007     -0.134  25.752106  0.000e+00
    24.4019    0.00007     -0.134  25.752187  0.000e+00
    24.3442    0.00007     -0.134  25.752269  0.000e+00
    24.1827    0.00007     -0.132  25.752350  0.000e+00
    24.1949    0.00007     -0.132  25.752431  0.000e+00
    24.1264    0.00007     -0.134  25.752512  0.000e+00
    24.0882    0.00008     -0.132  25.752593  0.000e+00
    24.1256    0.00008     -0.134  25.752674  0.000e+00
    24.0935    0.00007     -0.134  25.752755  0.000e+00
    24.1389    0.00007     -0.132  25.752836  0.000e+00
    24.3053    0.00007     -0.134  25.752917  0.000e+00
    24.1868    0.00008     -0.134  25.752998  0.000e+00
    24.0222    0.00008     -0.132  25.753079  0.000e+00
    23.9722    0.00008     -0.132  25.753160  0.000e+00
    24.1279    0.00008     -0.134  25.753241  0.000e+00
    24.1368    0.00008     -0.134  25.753322  0.000e+00
    24.1009    0.00008     -0.134  25.753403  0.000e+00
    24.1698    0.00008     -0.132  25.753484  0.000e+00
    24.1365    0.00007     -0.134  25.753565  0.000e+00
    24.2213    0.00007     -0.135  25.753646  0.000e+00
    24.1759    0.00007     -0.135  25.753727  0.000e+00
    24.2292    0.00007     -0.135  25.753808  0.000e+00
    24.3077    0.00007     -0.134  25.753889  0.000e+00
    24.3395    0.00007     -0.134  25.753970  0.000e+00
    24.3482    0.00007     -0.135  25.754051  0.000e+00
    24.2217    0.00007     -0.132  25.754132  0.000e+00
    24.0667    0.00007     -0.134  25.754213  0.000e+00
    24.1909    0.00007     -0.134  25.754294  0.000e+00
    24.2916    0.00007     -0.134  25.754375  0.000e+00
    24.4088    0.00007     -0.134  25.754456  0.000e+00
    24.5015    0.00007     -0.134  25.754537  0.000e+00
    24.6470    0.00007     -0.134  25.754618  0.000e+00
    24.7448    0.00007     -0.134  25.754699  0.000e+00
    24.8555    0.00007     -0.134  25.754780  0.000e+00
    24.8654    0.00007     -0.134  25.754861  0.000e+00
    24.9549    0.00007     -0.135  25.754942  0.000e+00
    25.0433    0.00007     -0.135  25.755023  0.000e+00
    25.0174    0.00007     -0.137  25.755104  0.000e+00
    24.9308    0.00007     -0.135  25.755185  0.000e+00
    24.7924    0.00007     -0.132  25.755266  0.000e+00
    24.5904    0.00007     -0.132  25.755347  0.000e+00
    24.7957    0.00007     -0.132  25.755428  0.000e+00
    24.5342    0.00007     -0.132  25.755509  0.000e+00
    24.7875    0.00007     -0.132  25.755590  0.000e+00
    24.7694    0.00007     -0.134  25.755671  0.000e+00
    24.7816    0.00007     -0.134  25.755752  0.000e+00
    24.6860    0.00007     -0.132  25.755833  0.000e+00
    24.8942    0.00007     -0.134  25.755914  0.000e+00
    24.9956    0.00007     -0.134  25.755995  0.000e+00
    24.7469    0.00007     -0.134  25.756076  0.000e+00
    24.6299    0.00007     -0.134  25.756157  0.000e+00
    24.6270    0.00007     -0.134  25.756238  0.000e+00
    24.7050    0.00007     -0.134  25.756319  0.000e+00
    24.7381    0.00007     -0.134  25.756400  0.000e+00
    24.7275    0.00007     -0.134  25.756481  0.000e+00
    24.8252    0.00007     -0.134  25.756562  0.000e+00
    24.7197    0.00007     -0.134  25.756644  0.000e+00
    24.6772    0.00007     -0.134  25.756725  0.000e+00
    24.5456    0.00007     -0.134  25.756806  0.000e+00
    24.4885    0.00007     -0.134  25.756887  0.000e+00
    24.4801    0.00007     -0.132  25.756968  0.000e+00
    24.6126    0.00007     -0.135  25.757049  0.000e+00
    24.5409    0.00007     -0.135  25.757130  0.000e+00
    24.5482    0.00007     -0.135  25.757211  0.000e+00
    24.6089    0.00007     -0.135  25.757292  0.000e+00
    24.6988    0.00007     -0.135  25.757373  0.000e+00
    24.7497    0.00007     -0.135  25.757454  0.000e+00
    24.7258    0.00007     -0.135  25.757535  0.000e+00
    24.7615    0.00007     -0.135  25.757616  0.000e+00
    24.8004    0.00007     -0.135  25.757697  0.000e+00
    24.8881    0.00007     -0.135  25.757778  0.000e+00
    24.8055    0.00007     -0.134  25.757859  0.000e+00
    24.8263    0.00007     -0.135  25.757940  0.000e+00
    24.7685    0.00007     -0.132  25.758021  0.000e+00
    24.7308    0.00007     -0.135  25.758102  0.000e+00
    24.5704    0.00007     -0.135  25.758183  0.000e+00
    24.6322    0.00007     -0.153  25.758264  0.000e+00
    24.7038    0.00007     -0.153  25.758345  0.000e+00
    24.7650    0.00007     -0.153  25.758426  0.000e+00
    24.7767    0.00007     -0.153  25.758507  0.000e+00
    24.7767    0.00007     -0.153  25.758588  0.000e+00
    24.7567    0.00007     -0.153  25.758669  0.000e+00
    24.7567    0.00007     -0.153  25.758750  0.000e+00
    24.7776    0.00007     -0.153  25.758831  0.000e+00
    24.7987    0.00007     -0.153  25.758912  0.000e+00
    24.8017    0.00007     -0.153  25.758993  0.000e+00
    24.7500    0.00007     -0.153  25.759074  0.000e+00
    24.7242    0.00007     -0.153  25.759155  0.000e+00
    24.7657    0.00007     -0.153  25.759236  0.000e+00
    24.6961    0.00007     -0.153  25.759317  0.000e+00
    24.6471    0.00007     -0.153  25.759398  0.000e+00
    24.5994    0.00007     -0.153  25.759479  0.000e+00
    24.5988    0.00007     -0.155  25.759560  0.000e+00
    24.6767    0.00007     -0.153  25.759641  0.000e+00
    24.6975    0.00007     -0.155  25.759722  0.000e+00
    24.7011    0.00007     -0.155  25.759803  0.000e+00
    24.7083    0.00007     -0.153  25.759884  0.000e+00
    24.7399    0.00007     -0.155  25.759965  0.000e+00
    24.7714    0.00007     -0.155  25.760046  0.000e+00
    24.8345    0.00007     -0.157  25.760127  0.000e+00
    24.8199    0.00007     -0.157  25.760208  0.000e+00
    24.7733    0.00007     -0.157  25.760289  0.000e+00
    24.7333    0.00007     -0.157  25.760370  0.000e+00
    24.7501    0.00007     -0.157  25.760451  0.000e+00
    24.7961    0.00007     -0.157  25.760532  0.000e+00
    24.7771    0.00007     -0.157  25.760613  0.000e+00
    24.8371    0.00007     -0.157  25.760694  0.000e+00
    24.8764    0.00007     -0.157  25.760775  0.000e+00
    24.9173    0.00007     -0.157  25.760856  0.000e+00
    24.9339    0.00007     -0.157  25.760937  0.000e+00
    24.9285    0.00007     -0.157  25.761019  0.000e+00
