data/raw/27-05-17/stations_27_05_2017.asc
* Sea-Bird SBE37 Data File:
* FileName = C:\Documents and Settings\Usuário(a)\Desktop\Prof.Arnaldo\CTD_LAGOA_05_2017\27-05-2017.asc
* Software Version 1.59
* Temperature SN = 2603
* Conductivity SN = 2603
* System UpLoad Time = May 27 2017 22:06:27
** Dados Lagoa de Santo Antonio
** 27-05-2017
*END*
start time =  27 May 2017  14:14:57
sample interval = 5 seconds
start sample number = 1
 20.6382, 0.00008,   -0.022, 27 May 2017, 14:14:57
 20.6356, 0.00007,   -0.022, 27 May 2017, 14:15:07
 20.6332, 0.00008,   -0.018, 27 May 2017, 14:15:15
 20.6451, 0.00007,   -0.018, 27 May 2017, 14:15:20
 20.6527, 0.00008,   -0.018, 27 May 2017, 14:15:25
 20.6691, 0.00008,   -0.018, 27 May 2017, 14:15:30
 20.6853, 0.00007,   -0.018, 27 May 2017, 14:15:35
 20.6985, 0.00008,   -0.018, 27 May 2017, 14:15:40
 20.7097, 0.00007,   -0.018, 27 May 2017, 14:15:45
 20.7232, 0.00008,   -0.018, 27 May 2017, 14:15:50
 20.7345, 0.00007,   -0.018, 27 May 2017, 14:15:55
 20.7443, 0.00007,   -0.018, 27 May 2017, 14:16:00
 20.7526, 0.00008,   -0.018, 27 May 2017, 14:16:05
 20.7581, 0.00008,   -0.018, 27 May 2017, 14:16:10
 20.7639, 0.00007,   -0.018, 27 May 2017, 14:16:15
 20.7690, 0.00008,   -0.018, 27 May 2017, 14:16:20
 20.7717, 0.00007,   -0.018, 27 May 2017, 14:16:25
 20.7790, 0.00007,   -0.018, 27 May 2017, 14:16:30
 20.7704, 0.00008,   -0.018, 27 May 2017, 14:16:35
 20.7690, 0.00007,   -0.020, 27 May 2017, 14:16:40
 20.7578, 0.00007,   -0.018, 27 May 2017, 14:16:45
 20.7440, 0.00007,   -0.018, 27 May 2017, 14:16:50
 20.7328, 0.00008,   -0.018, 27 May 2017, 14:16:55
 20.7114, 0.00007,   -0.018, 27 May 2017, 14:17:00
 20.6906, 0.00007,   -0.018, 27 May 2017, 14:17:05
 20.6620, 0.00007,   -0.018, 27 May 2017, 14:17:10
 20.6591, 0.00007,   -0.018, 27 May 2017, 14:17:15
 20.6420, 0.00007,   -0.018, 27 May 2017, 14:17:20
 20.6266, 0.00008,   -0.020, 27 May 2017, 14:17:25
 20.6296, 0.00007,   -0.018, 27 May 2017, 14:17:30
 20.6392, 0.00007,   -0.018, 27 May 2017, 14:17:35
 20.6545, 0.00008,   -0.018, 27 May 2017, 14:17:40
 20.6672, 0.00007,   -0.020, 27 May 2017, 14:17:45
 20.6799, 0.00007,   -0.020, 27 May 2017, 14:17:50
 20.6864, 0.00007,   -0.020, 27 May 2017, 14:17:55
 20.6888, 0.00007,   -0.020, 27 May 2017, 14:18:00
 20.7024, 0.00008,   -0.020, 27 May 2017, 14:18:05
 20.7049, 0.00007,   -0.020, 27 May 2017, 14:18:10
 20.7290, 0.00007,   -0.020, 27 May 2017, 14:18:15
 20.7413, 0.00007,   -0.020, 27 May 2017, 14:18:20
 20.7510, 0.00007,   -0.020, 27 May 2017, 14:18:25
 20.7641, 0.00007,   -0.020, 27 May 2017, 14:18:30
 20.7677, 0.00008,   -0.020, 27 May 2017, 14:18:35
 20.7710, 0.00007,   -0.020, 27 May 2017, 14:18:40
 20.7767, 0.00007,   -0.020, 27 May 2017, 14:18:45
 20.7830, 0.00008,   -0.020, 27 May 2017, 14:18:50
 20.7901, 0.00007,   -0.020, 27 May 2017, 14:18:55
 20.7967, 0.00007,   -0.020, 27 May 2017, 14:19:00
 20.7978, 0.00007,   -0.020, 27 May 2017, 14:19:05
 20.7939, 0.00007,   -0.020, 27 May 2017, 14:19:10
 20.7972, 0.00007,   -0.020, 27 May 2017, 14:19:15
 20.7979, 0.00007,   -0.020, 27 May 2017, 14:19:20
 20.7966, 0.00008,   -0.020, 27 May 2017, 14:19:25
 20.7905, 0.00007,   -0.020, 27 May 2017, 14:19:30
 20.7875, 0.00007,   -0.020, 27 May 2017, 14:19:35
 20.7904, 0.00007,   -0.020, 27 May 2017, 14:19:40
 20.7849, 0.00007,   -0.020, 27 May 2017, 14:19:45
 20.7762, 0.00008,   -0.020, 27 May 2017, 14:19:50
 20.7588, 0.00008,   -0.020, 27 May 2017, 14:19:55
 20.7293, 0.00007,   -0.020, 27 May 2017, 14:20:00
 20.7111, 0.00007,   -0.020, 27 May 2017, 14:20:05
 20.7177, 0.00007,   -0.020, 27 May 2017, 14:20:10
 20.6995, 0.00007,   -0.020, 27 May 2017, 14:20:15
 20.6896, 0.00007,   -0.020, 27 May 2017, 14:20:20
 20.6905, 0.00007,   -0.020, 27 May 2017, 14:20:25
 20.6965, 0.00008,   -0.020, 27 May 2017, 14:20:30
 20.7129, 0.00007,   -0.020, 27 May 2017, 14:20:35
 20.7260, 0.00007,   -0.020, 27 May 2017, 14:20:40
 20.7418, 0.00007,   -0.020, 27 May 2017, 14:20:45
 20.7527, 0.00007,   -0.020, 27 May 2017, 14:20:50
 20.7597, 0.00007,   -0.020, 27 May 2017, 14:20:55
 20.7639, 0.00007,   -0.020, 27 May 2017, 14:21:00
 20.7716, 0.00008,   -0.020, 27 May 2017, 14:21:05
 20.7767, 0.00007,   -0.020, 27 May 2017, 14:21:10
 20.7765, 0.00007,   -0.020, 27 May 2017, 14:21:15
 20.7816, 0.00007,   -0.020, 27 May 2017, 14:21:20
 20.7828, 0.00008,   -0.020, 27 May 2017, 14:21:25
 20.7885, 0.00008,   -0.020, 27 May 2017, 14:21:30
 20.7899, 0.00007,   -0.022, 27 May 2017, 14:21:35
 20.7785, 0.00007,   -0.020, 27 May 2017, 14:21:40
 20.7606, 0.00007,   -0.020, 27 May 2017, 14:21:45
 20.7625, 0.00007,   -0.020, 27 May 2017, 14:21:50
 20.7599, 0.00007,   -0.020, 27 May 2017, 14:21:55
 20.7523, 0.00007,   -0.022, 27 May 2017, 14:22:00
 20.7550, 0.00007,   -0.020, 27 May 2017, 14:22:05
 20.7513, 0.00007,   -0.020, 27 May 2017, 14:22:10
 20.7482, 0.00007,   -0.020, 27 May 2017, 14:22:15
 20.7502, 0.00008,   -0.022, 27 May 2017, 14:22:20
 20.7576, 0.00008,   -0.020, 27 May 2017, 14:22:25
 20.7648, 0.00007,   -0.020, 27 May 2017, 14:22:30
 20.7624, 0.00007,   -0.020, 27 May 2017, 14:22:35
 20.7675, 0.00008,   -0.020, 27 May 2017, 14:22:40
 20.7740, 0.00007,   -0.020, 27 May 2017, 14:22:45
 20.7797, 0.00008,   -0.022, 27 May 2017, 14:22:50
 20.7809, 0.00007,   -0.020, 27 May 2017, 14:22:55
 20.7777, 0.00007,   -0.020, 27 May 2017, 14:23:00
 20.7688, 0.00008,   -0.020, 27 May 2017, 14:23:05
 20.7644, 0.00007,   -0.020, 27 May 2017, 14:23:10
 20.7631, 0.00007,   -0.020, 27 May 2017, 14:23:15
 20.7508, 0.00008,   -0.020, 27 May 2017, 14:23:20
 20.7377, 0.00008,   -0.020, 27 May 2017, 14:23:25
 20.7404, 0.00007,   -0.020, 27 May 2017, 14:23:30
 20.7448, 0.00008,   -0.020, 27 May 2017, 14:23:35
 20.7166, 0.00008,   -0.020, 27 May 2017, 14:23:40
 20.6971, 0.00007,   -0.020, 27 May 2017, 14:23:45
 20.6694, 0.00007,   -0.020, 27 May 2017, 14:23:50
 20.6638, 0.00007,   -0.022, 27 May 2017, 14:23:55
 20.6482, 0.00008,   -0.022, 27 May 2017, 14:24:00
 20.6296, 0.00008,   -0.020, 27 May 2017, 14:24:05
 20.6218, 0.00007,   -0.020, 27 May 2017, 14:24:10
 20.6078, 0.00008,   -0.020, 27 May 2017, 14:24:15
 20.6099, 0.00008,   -0.020, 27 May 2017, 14:24:20
 20.6098, 0.00008,   -0.020, 27 May 2017, 14:24:25
 20.6042, 0.00007,   -0.020, 27 May 2017, 14:24:30
 20.5751, 0.00008,   -0.020, 27 May 2017, 14:24:35
 20.5383, 0.00007,   -0.022, 27 May 2017, 14:24:40
 20.5196, 0.00007,   -0.020, 27 May 2017, 14:24:45
 20.5060, 0.00008,   -0.020, 27 May 2017, 14:24:50
 20.5160, 0.00008,   -0.020, 27 May 2017, 14:24:55
 20.5262, 0.00007,   -0.020, 27 May 2017, 14:25:00
 20.5124, 0.00007,   -0.020, 27 May 2017, 14:25:05
 20.4821, 0.00007,   -0.020, 27 May 2017, 14:25:10
 20.4560, 0.00007,   -0.020, 27 May 2017, 14:25:15
 20.4320, 0.00008,   -0.020, 27 May 2017, 14:25:20
 20.4035, 0.00007,   -0.020, 27 May 2017, 14:25:25
 20.3707, 0.00007,   -0.020, 27 May 2017, 14:25:30
 20.3591, 0.00008,   -0.020, 27 May 2017, 14:25:35
 20.3402, 0.00008,   -0.020, 27 May 2017, 14:25:40
 20.3520, 0.00008,   -0.020, 27 May 2017, 14:25:45
 20.3644, 0.00007,   -0.020, 27 May 2017, 14:25:50
 20.3433, 0.00008,   -0.020, 27 May 2017, 14:25:55
 20.3349, 0.00007,   -0.020, 27 May 2017, 14:26:00
 20.3373, 0.00007,   -0.020, 27 May 2017, 14:26:05
 20.3443, 0.00008,   -0.020, 27 May 2017, 14:26:10
 20.3188, 0.00007,   -0.020, 27 May 2017, 14:26:15
 20.3124, 0.00007,   -0.020, 27 May 2017, 14:26:20
 20.3242, 0.00008,   -0.020, 27 May 2017, 14:26:25
 20.3485, 0.00007,   -0.020, 27 May 2017, 14:26:30
 20.3772, 0.00007,   -0.020, 27 May 2017, 14:26:35
 20.4023, 0.00008,   -0.020, 27 May 2017, 14:26:40
 20.4262, 0.00008,   -0.020, 27 May 2017, 14:26:45
 20.4450, 0.00007,   -0.020, 27 May 2017, 14:26:50
 20.4286, 0.00007,   -0.020, 27 May 2017, 14:26:55
 20.3922, 0.00007,   -0.020, 27 May 2017, 14:27:00
 20.3864, 0.00007,   -0.020, 27 May 2017, 14:27:05
 20.3864, 0.00007,   -0.020, 27 May 2017, 14:27:10
 20.3861, 0.00007,   -0.020, 27 May 2017, 14:27:15
 20.3986, 0.00007,   -0.020, 27 May 2017, 14:27:20
 20.4121, 0.00007,   -0.020, 27 May 2017, 14:27:25
 20.4391, 0.00007,   -0.020, 27 May 2017, 14:27:30
 20.4612, 0.00007,   -0.020, 27 May 2017, 14:27:35
 20.4637, 0.00008,   -0.018, 27 May 2017, 14:27:40
 20.4572, 0.00007,   -0.018, 27 May 2017, 14:27:45
 20.4455, 0.00008,   -0.020, 27 May 2017, 14:27:50
 20.4503, 0.00007,   -0.018, 27 May 2017, 14:27:55
 20.4483, 0.00008,   -0.018, 27 May 2017, 14:28:00
 20.4380, 0.00008,   -0.018, 27 May 2017, 14:28:05
 20.4287, 0.00007,   -0.020, 27 May 2017, 14:28:10
 20.4145, 0.00008,   -0.020, 27 May 2017, 14:28:15
 20.4136, 0.00008,   -0.018, 27 May 2017, 14:28:20
 20.3991, 0.00007,   -0.020, 27 May 2017, 14:28:25
 20.4093, 0.00007,   -0.020, 27 May 2017, 14:28:30
 20.4090, 0.00008,   -0.018, 27 May 2017, 14:28:35
 20.3895, 0.00008,   -0.020, 27 May 2017, 14:28:40
 20.3867, 0.00007,   -0.018, 27 May 2017, 14:28:45
 20.3795, 0.00007,   -0.020, 27 May 2017, 14:28:50
 20.3499, 0.00008,   -0.020, 27 May 2017, 14:28:55
 20.3386, 0.00008,   -0.018, 27 May 2017, 14:29:00
 20.3162, 0.00007,   -0.018, 27 May 2017, 14:29:05
 20.2692, 0.00008,   -0.020, 27 May 2017, 14:29:10
 20.2155, 0.00008,   -0.020, 27 May 2017, 14:29:15
 20.1607, 0.00007,   -0.018, 27 May 2017, 14:29:20
 20.1645, 0.00008,   -0.020, 27 May 2017, 14:29:25
 20.1796, 0.00008,   -0.018, 27 May 2017, 14:29:30
 20.2095, 0.00008,   -0.020, 27 May 2017, 14:29:35
 20.2482, 0.00008,   -0.020, 27 May 2017, 14:29:40
 20.2817, 0.00008,   -0.020, 27 May 2017, 14:29:45
 20.3183, 0.00008,   -0.020, 27 May 2017, 14:29:50
 20.3583, 0.00008,   -0.020, 27 May 2017, 14:29:55
 20.3905, 0.00007,   -0.020, 27 May 2017, 14:30:00
 20.4202, 0.00008,   -0.020, 27 May 2017, 14:30:05
 20.4473, 0.00007,   -0.020, 27 May 2017, 14:30:10
 20.4699, 0.00008,   -0.020, 27 May 2017, 14:30:15
 20.4876, 0.00008,   -0.020, 27 May 2017, 14:30:20
 20.5028, 0.00007,   -0.020, 27 May 2017, 14:30:25
 20.5121, 0.00007,   -0.020, 27 May 2017, 14:30:30
 20.5222, 0.00007,   -0.020, 27 May 2017, 14:30:35
 20.5173, 0.00007,   -0.020, 27 May 2017, 14:30:40
 20.4475, 0.00008,   -0.020, 27 May 2017, 14:30:45
 20.3969, 0.00007,   -0.020, 27 May 2017, 14:30:50
 20.3893, 0.00008,   -0.020, 27 May 2017, 14:30:55
 20.3972, 0.00008,   -0.020, 27 May 2017, 14:31:00
 20.3945, 0.00008,   -0.018, 27 May 2017, 14:31:05
 20.4086, 0.00007,   -0.020, 27 May 2017, 14:31:10
 20.4182, 0.00007,   -0.020, 27 May 2017, 14:31:15
 20.4330, 0.00007,   -0.018, 27 May 2017, 14:31:20
 20.4421, 0.00008,   -0.018, 27 May 2017, 14:31:25
 20.4277, 0.00007,   -0.020, 27 May 2017, 14:31:30
 20.4077, 0.00008,   -0.020, 27 May 2017, 14:31:35
 20.4032, 0.00007,   -0.020, 27 May 2017, 14:31:40
 20.3815, 0.00007,   -0.020, 27 May 2017, 14:31:45
 20.3610, 0.00008,   -0.020, 27 May 2017, 14:31:50
 20.3498, 0.00007,   -0.020, 27 May 2017, 14:31:55
 20.3644, 0.00007,   -0.020, 27 May 2017, 14:32:00
 20.3779, 0.00007,   -0.020, 27 May 2017, 14:32:05
 20.3931, 0.00008,   -0.020, 27 May 2017, 14:32:10
 20.4126, 0.00008,   -0.020, 27 May 2017, 14:32:15
 20.4232, 0.00007,   -0.020, 27 May 2017, 14:32:20
 20.4324, 0.00007,   -0.020, 27 May 2017, 14:32:25
 20.3910, 0.00007,   -0.020, 27 May 2017, 14:32:30
 20.3560, 0.00008,   -0.020, 27 May 2017, 14:32:35
 20.3448, 0.00007,   -0.020, 27 May 2017, 14:32:40
 20.3488, 0.00007,   -0.020, 27 May 2017, 14:32:45
 20.3575, 0.00008,   -0.020, 27 May 2017, 14:32:50
 20.3704, 0.00007,   -0.020, 27 May 2017, 14:32:55
 20.3877, 0.00008,   -0.020, 27 May 2017, 14:33:00
 20.4067, 0.00008,   -0.020, 27 May 2017, 14:33:05
 20.4262, 0.00007,   -0.020, 27 May 2017, 14:33:10
 20.4378, 0.00008,   -0.020, 27 May 2017, 14:33:15
 20.4474, 0.00007,   -0.020, 27 May 2017, 14:33:20
 20.4525, 0.00007,   -0.020, 27 May 2017, 14:33:25
 20.4662, 0.00007,   -0.020, 27 May 2017, 14:33:30
 20.4793, 0.00008,   -0.020, 27 May 2017, 14:33:35
 20.4918, 0.00007,   -0.020, 27 May 2017, 14:33:40
 20.4887, 0.00007,   -0.020, 27 May 2017, 14:33:45
 20.4854, 0.00008,   -0.020, 27 May 2017, 14:33:50
 20.4902, 0.00008,   -0.020, 27 May 2017, 14:33:55
 20.4983, 0.00007,   -0.020, 27 May 2017, 14:34:00
 20.4948, 0.00007,   -0.020, 27 May 2017, 14:34:05
 20.4845, 0.00008,   -0.020, 27 May 2017, 14:34:10
 20.4801, 0.00007,   -0.020, 27 May 2017, 14:34:15
 20.4747, 0.00007,   -0.020, 27 May 2017, 14:34:20
 20.4916, 0.00007,   -0.020, 27 May 2017, 14:34:25
 20.5045, 0.00008,   -0.020, 27 May 2017, 14:34:30
 20.5100, 0.00007,   -0.020, 27 May 2017, 14:34:35
 20.5154, 0.00007,   -0.020, 27 May 2017, 14:34:40
 20.5252, 0.00007,   -0.020, 27 May 2017, 14:34:45
 20.5264, 0.00008,   -0.020, 27 May 2017, 14:34:50
 20.5245, 0.00007,   -0.020, 27 May 2017, 14:34:55
 20.5300, 0.00008,   -0.020, 27 May 2017, 14:35:00
 20.5336, 0.00007,   -0.020, 27 May 2017, 14:35:05
 20.5422, 0.00007,   -0.020, 27 May 2017, 14:35:10
 20.5363, 0.00007,   -0.020, 27 May 2017, 14:35:15
 20.5249, 0.00007,   -0.020, 27 May 2017, 14:35:20
 20.5208, 0.00007,   -0.020, 27 May 2017, 14:35:25
 20.5194, 0.00007,   -0.022, 27 May 2017, 14:35:30
 20.5148, 0.00007,   -0.022, 27 May 2017, 14:35:35
 20.5105, 0.00007,   -0.022, 27 May 2017, 14:35:40
 20.5084, 0.00007,   -0.020, 27 May 2017, 14:35:45
 20.5009, 0.00007,   -0.020, 27 May 2017, 14:35:50
 20.4772, 0.00007,   -0.020, 27 May 2017, 14:35:55
 20.4643, 0.00008,   -0.022, 27 May 2017, 14:36:00
 20.4663, 0.00007,   -0.022, 27 May 2017, 14:36:05
 20.4681, 0.00007,   -0.022, 27 May 2017, 14:36:10
 20.4696, 0.00008,   -0.022, 27 May 2017, 14:36:15
 20.4731, 0.00007,   -0.022, 27 May 2017, 14:36:20
 20.4582, 0.00008,   -0.022, 27 May 2017, 14:36:25
 20.4568, 0.00007,   -0.022, 27 May 2017, 14:36:30
 20.4568, 0.00007,   -0.022, 27 May 2017, 14:36:35
 20.4424, 0.00007,   -0.022, 27 May 2017, 14:36:40
 20.4410, 0.00007,   -0.022, 27 May 2017, 14:36:45
 20.4381, 0.00007,   -0.022, 27 May 2017, 14:36:50
 20.4309, 0.00007,   -0.022, 27 May 2017, 14:36:55
 20.4364, 0.00008,   -0.022, 27 May 2017, 14:37:00
 20.4453, 0.00008,   -0.022, 27 May 2017, 14:37:05
 20.4440, 0.00007,   -0.022, 27 May 2017, 14:37:10
 20.4469, 0.00007,   -0.022, 27 May 2017, 14:37:15
 20.4476, 0.00007,   -0.022, 27 May 2017, 14:37:20
 20.4536, 0.00007,   -0.022, 27 May 2017, 14:37:25
 20.4616, 0.00007,   -0.022, 27 May 2017, 14:37:30
 20.4641, 0.00008,   -0.022, 27 May 2017, 14:37:35
 20.4752, 0.00007,   -0.022, 27 May 2017, 14:37:40
 20.4900, 0.00007,   -0.022, 27 May 2017, 14:37:45
 20.5016, 0.00007,   -0.022, 27 May 2017, 14:37:50
 20.5113, 0.00008,   -0.022, 27 May 2017, 14:37:55
 20.5098, 0.00008,   -0.022, 27 May 2017, 14:38:00
 20.4939, 0.00007,   -0.022, 27 May 2017, 14:38:05
 20.4977, 0.00007,   -0.022, 27 May 2017, 14:38:10
 20.4998, 0.00007,   -0.022, 27 May 2017, 14:38:15
 20.5074, 0.00007,   -0.022, 27 May 2017, 14:38:20
 20.5153, 0.00007,   -0.022, 27 May 2017, 14:38:25
 20.4957, 0.00007,   -0.022, 27 May 2017, 14:38:30
 20.4944, 0.00008,   -0.022, 27 May 2017, 14:38:35
 20.4822, 0.00008,   -0.022, 27 May 2017, 14:38:40
 20.4816, 0.00007,   -0.022, 27 May 2017, 14:38:45
 20.4873, 0.00007,   -0.022, 27 May 2017, 14:38:50
 20.4793, 0.00007,   -0.022, 27 May 2017, 14:38:55
 20.4399, 0.00007,   -0.022, 27 May 2017, 14:39:00
 20.2784, 0.00008,   -0.020, 27 May 2017, 14:39:05
 20.2076, 0.00008,   -0.020, 27 May 2017, 14:39:10
 20.0969, 0.00008,   -0.015, 27 May 2017, 14:39:15
 20.0930, 0.00008,   -0.015, 27 May 2017, 14:39:20
 20.0900, 0.00008,   -0.015, 27 May 2017, 14:39:25
 20.0351, 0.00008,   -0.015, 27 May 2017, 14:39:30
 20.0228, 0.00008,   -0.015, 27 May 2017, 14:39:35
 20.0228, 0.00008,   -0.017, 27 May 2017, 14:39:40
 20.0563, 0.00008,   -0.015, 27 May 2017, 14:39:45
 20.0847, 0.00008,   -0.015, 27 May 2017, 14:39:50
 20.0974, 0.00008,   -0.015, 27 May 2017, 14:39:55
 20.1193, 0.00008,   -0.015, 27 May 2017, 14:40:00
 20.0902, 0.00007,   -0.015, 27 May 2017, 14:40:05
 20.1078, 0.00008,   -0.015, 27 May 2017, 14:40:10
 20.0785, 0.00008,   -0.015, 27 May 2017, 14:40:15
 20.0421, 0.00008,   -0.015, 27 May 2017, 14:40:20
 20.0381, 0.00007,   -0.015, 27 May 2017, 14:40:25
 19.9971, 0.00008,   -0.015, 27 May 2017, 14:40:30
 19.9852, 0.00008,   -0.013, 27 May 2017, 14:40:35
 19.9282, 0.00008,   -0.013, 27 May 2017, 14:40:40
 19.9011, 0.00008,   -0.013, 27 May 2017, 14:40:45
 19.9171, 0.00007,   -0.013, 27 May 2017, 14:40:50
 19.9145, 0.00008,   -0.013, 27 May 2017, 14:40:55
 19.8780, 0.00007,   -0.013, 27 May 2017, 14:41:00
