data/raw/27-05-17/stations_27_05_2017.asc
* Sea-Bird SBE37 Data File:
* FileName = C:\Documents and Settings\Usuário(a)\Desktop\Prof.Arnaldo\CTD_LAGOA_05_2017\27-05-2017.asc
* Software Version 1.59
* Temperature SN = 2603
* Conductivity SN = 2603
* System UpLoad Time = May 27 2017 22:06:27
** Dados Lagoa de Santo Antonio
** 27-05-2017
*END*
[from data line 2198]
 19.0189, 0.00008,    0.007, 27 May 2017, 17:18:00
 18.9852, 0.00008,    0.007, 27 May 2017, 17:18:05
 19.0030, 0.00008,    0.007, 27 May 2017, 17:18:10
 19.0203, 0.00008,    0.007, 27 May 2017, 17:18:15
 19.0667, 0.00008,    0.008, 27 May 2017, 17:18:20
 19.1082, 0.00008,    0.008, 27 May 2017, 17:18:25
 19.1430, 0.00008,    0.008, 27 May 2017, 17:18:30
 19.1491, 0.00008,    0.008, 27 May 2017, 17:18:35
 19.1217, 0.00008,    0.008, 27 May 2017, 17:18:40
 19.1358, 0.00008,    0.008, 27 May 2017, 17:18:45
 19.1111, 0.00008,    0.008, 27 May 2017, 17:18:50
 19.0364, 0.00008,    0.008, 27 May 2017, 17:18:55
 19.0278, 0.00008,    0.010, 27 May 2017, 17:19:00
 18.9577, 0.00008,    0.010, 27 May 2017, 17:19:05
 18.9118, 0.00008,    0.010, 27 May 2017, 17:19:10
 18.9263, 0.00009,    0.010, 27 May 2017, 17:19:15
 18.8964, 0.00008,    0.010, 27 May 2017, 17:19:20
 18.8636, 0.00008,    0.012, 27 May 2017, 17:19:25
 18.8846, 0.00008,    0.010, 27 May 2017, 17:19:30
 18.8560, 0.00009,    0.012, 27 May 2017, 17:19:35
 18.8270, 0.00009,    0.014, 27 May 2017, 17:19:40
 18.7905, 0.00009,    0.014, 27 May 2017, 17:19:45
 18.7861, 0.00009,    0.014, 27 May 2017, 17:19:50
 18.7502, 0.00009,    0.016, 27 May 2017, 17:19:55
 18.7196, 0.00009,    0.016, 27 May 2017, 17:20:00
 18.7390, 0.00008,    0.016, 27 May 2017, 17:20:05
 18.7443, 0.00008,    0.016, 27 May 2017, 17:20:10
 18.7537, 0.00008,    0.016, 27 May 2017, 17:20:15
 18.7216, 0.00007,    0.016, 27 May 2017, 17:20:20
 18.7164, 0.00008,    0.016, 27 May 2017, 17:20:25
 18.7261, 0.00007,    0.016, 27 May 2017, 17:20:30
 18.7276, 0.00007,    0.017, 27 May 2017, 17:20:35
 18.6986, 0.00007,    0.017, 27 May 2017, 17:20:40
 18.7048, 0.00006,    0.017, 27 May 2017, 17:20:45
 18.6967, 0.00006,    0.019, 27 May 2017, 17:20:50
 18.6709, 0.00006,    0.017, 27 May 2017, 17:20:55
 18.6537, 0.00006,    0.019, 27 May 2017, 17:21:00
 18.6003, 0.00006,    0.019, 27 May 2017, 17:21:05
 18.5869, 0.00005,    0.017, 27 May 2017, 17:21:10
 18.5623, 0.00005,    0.016, 27 May 2017, 17:21:15
 18.5224, 0.00005,    0.017, 27 May 2017, 17:21:20
 18.5576, 0.00004,    0.017, 27 May 2017, 17:21:25
 18.5837, 0.00005,    0.017, 27 May 2017, 17:21:30
 18.5781, 0.00008,    0.019, 27 May 2017, 17:21:35
 18.5523, 0.00007,    0.017, 27 May 2017, 17:21:40
 18.5285, 0.00007,    0.017, 27 May 2017, 17:21:45
 18.5048, 0.00007,    0.019, 27 May 2017, 17:21:50
 18.4185, 0.00007,    0.019, 27 May 2017, 17:21:55
 18.4794, 0.00007,    0.019, 27 May 2017, 17:22:00
 18.5556, 0.00007,    0.019, 27 May 2017, 17:22:05
 18.5788, 0.00006,    0.017, 27 May 2017, 17:22:10
 18.5617, 0.00006,    0.019, 27 May 2017, 17:22:15
 18.5283, 0.00007,    0.019, 27 May 2017, 17:22:20
 18.5448, 0.00007,    0.019, 27 May 2017, 17:22:25
 18.4852, 0.00007,    0.017, 27 May 2017, 17:22:30
 18.4354, 0.00007,    0.019, 27 May 2017, 17:22:35
 18.3907, 0.00007,    0.021, 27 May 2017, 17:22:40
 18.4351, 0.00007,    0.021, 27 May 2017, 17:22:45
 18.4396, 0.00007,    0.021, 27 May 2017, 17:22:50
 18.3667, 0.00007,    0.021, 27 May 2017, 17:22:55
 18.2915, 0.00007,    0.023, 27 May 2017, 17:23:00
 18.3658, 0.00007,    0.019, 27 May 2017, 17:23:05
 18.4103, 0.00007,    0.021, 27 May 2017, 17:23:10
 18.4486, 0.00007,    0.021, 27 May 2017, 17:23:15
 18.4822, 0.00007,    0.023, 27 May 2017, 17:23:20
 18.4803, 0.00007,    0.019, 27 May 2017, 17:23:25
 18.4576, 0.00007,    0.019, 27 May 2017, 17:23:30
 18.4316, 0.00007,    0.021, 27 May 2017, 17:23:35
 18.3798, 0.00007,    0.019, 27 May 2017, 17:23:40
 18.3448, 0.00007,    0.021, 27 May 2017, 17:23:45
 18.2987, 0.00007,    0.021, 27 May 2017, 17:23:50
 18.2479, 0.00008,    0.023, 27 May 2017, 17:23:55
 18.2597, 0.00007,    0.023, 27 May 2017, 17:24:00
 18.2748, 0.00007,    0.023, 27 May 2017, 17:24:05
 18.3257, 0.00007,    0.021, 27 May 2017, 17:24:10
 18.3700, 0.00007,    0.023, 27 May 2017, 17:24:15
 18.4072, 0.00007,    0.021, 27 May 2017, 17:24:20
 18.4404, 0.00007,    0.023, 27 May 2017, 17:24:25
 18.4285, 0.00007,    0.023, 27 May 2017, 17:24:30
 18.4300, 0.00007,    0.025, 27 May 2017, 17:24:35
 18.4274, 0.00007,    0.023, 27 May 2017, 17:24:40
 18.4034, 0.00007,    0.021, 27 May 2017, 17:24:45
 18.3908, 0.00007,    0.023, 27 May 2017, 17:24:50
 18.4131, 0.00007,    0.021, 27 May 2017, 17:24:55
 18.3973, 0.00007,    0.023, 27 May 2017, 17:25:00
 18.3837, 0.00007,    0.025, 27 May 2017, 17:25:05
 18.2629, 0.00008,    0.023, 27 May 2017, 17:25:10
 18.2100, 0.00007,    0.023, 27 May 2017, 17:25:15
 18.1813, 0.00007,    0.023, 27 May 2017, 17:25:20
 18.1952, 0.00008,    0.021, 27 May 2017, 17:25:25
 18.1988, 0.00008,    0.023, 27 May 2017, 17:25:30
 18.1929, 0.00007,    0.023, 27 May 2017, 17:25:35
 18.1684, 0.00007,    0.026, 27 May 2017, 17:25:40
 18.1924, 0.00008,    0.025, 27 May 2017, 17:25:45
 18.1685, 0.00008,    0.023, 27 May 2017, 17:25:50
 18.0976, 0.00007,    0.025, 27 May 2017, 17:25:55
 18.1172, 0.00008,    0.023, 27 May 2017, 17:26:00
 18.1712, 0.00008,    0.023, 27 May 2017, 17:26:05
 18.1730, 0.00008,    0.023, 27 May 2017, 17:26:10
 18.2514, 0.00008,    0.021, 27 May 2017, 17:26:15
 18.2418, 0.00008,    0.021, 27 May 2017, 17:26:20
 18.1607, 0.00008,    0.023, 27 May 2017, 17:26:25
 18.2064, 0.00008,    0.023, 27 May 2017, 17:26:30
 18.2196, 0.00008,    0.023, 27 May 2017, 17:26:35
 18.2203, 0.00008,    0.021, 27 May 2017, 17:26:40
 18.2406, 0.00008,    0.019, 27 May 2017, 17:26:45
 18.2880, 0.00008,    0.017, 27 May 2017, 17:26:50
 18.3792, 0.00008,    0.016, 27 May 2017, 17:26:55
 18.3918, 0.00008,    0.017, 27 May 2017, 17:27:00
 18.3928, 0.00007,    0.017, 27 May 2017, 17:27:05
 18.4005, 0.00007,    0.016, 27 May 2017, 17:27:10
 18.4279, 0.00008,    0.017, 27 May 2017, 17:27:15
 18.3267, 0.00008,    0.023, 27 May 2017, 17:27:20
 20.7029, 3.49078,    0.210, 27 May 2017, 17:27:25
 20.7147, 3.48537,    0.214, 27 May 2017, 17:27:30
 20.7053, 3.48974,    0.127, 27 May 2017, 17:27:35
 20.7013, 3.50811,    0.176, 27 May 2017, 17:27:40
 20.7100, 3.50352,    0.179, 27 May 2017, 17:27:45
 20.7125, 3.51301,    0.185, 27 May 2017, 17:27:50
 20.7151, 3.52264,    0.257, 27 May 2017, 17:27:55
 20.7350, 3.52840,    0.205, 27 May 2017, 17:28:00
 20.7059, 3.52807,    0.199, 27 May 2017, 17:28:05
 20.7204, 3.53305,    0.174, 27 May 2017, 17:28:10
 20.7264, 3.53554,    0.463, 27 May 2017, 17:28:15
 20.7253, 3.53866,    0.530, 27 May 2017, 17:28:20
 20.7794, 3.53816,    0.652, 27 May 2017, 17:28:25
 20.7541, 3.54743,    0.767, 27 May 2017, 17:28:30
 20.8050, 3.55055,    0.904, 27 May 2017, 17:28:35
 20.8252, 3.56748,    0.929, 27 May 2017, 17:28:40
 20.8424, 3.57929,    1.055, 27 May 2017, 17:28:45
 20.8170, 3.61554,    1.370, 27 May 2017, 17:28:50
 20.8710, 3.73479,    1.498, 27 May 2017, 17:28:55
 20.8853, 3.83983,    1.537, 27 May 2017, 17:29:00
 20.9859, 3.95565,    1.785, 27 May 2017, 17:29:05
 20.9900, 3.95228,    1.775, 27 May 2017, 17:29:10
 20.9875, 3.95357,    1.730, 27 May 2017, 17:29:15
 20.9803, 3.96866,    1.640, 27 May 2017, 17:29:20
 20.9395, 3.95898,    1.469, 27 May 2017, 17:29:25
 20.8170, 3.84448,    1.077, 27 May 2017, 17:29:30
 20.8353, 3.70370,    0.724, 27 May 2017, 17:29:35
 20.7584, 3.62789,    0.607, 27 May 2017, 17:29:40
 20.7031, 3.57600,    0.321, 27 May 2017, 17:29:45
 20.7120, 3.55224,    0.091, 27 May 2017, 17:29:50
 19.7478, 0.07666,   -0.002, 27 May 2017, 17:29:55
 19.4501, 0.00007,   -0.017, 27 May 2017, 17:30:00
 19.2966, 0.00008,    0.003, 27 May 2017, 17:30:05
 19.2473, 0.00010,   -0.004, 27 May 2017, 17:30:10
 19.1337, 0.01620,    0.005, 27 May 2017, 17:30:15
 19.0772, 0.00007,    0.003, 27 May 2017, 17:30:20
 19.0491, 0.00007,   -0.001, 27 May 2017, 17:30:25
 19.0242, 0.00007,   -0.001, 27 May 2017, 17:30:30
 18.9612, 0.00007,   -0.002, 27 May 2017, 17:30:35
 18.9440, 0.00007,   -0.002, 27 May 2017, 17:30:40
 18.9545, 0.00007,   -0.002, 27 May 2017, 17:30:45
 18.9475, 0.00008,   -0.001, 27 May 2017, 17:30:50
 18.9407, 0.00007,   -0.001, 27 May 2017, 17:30:55
 18.9738, 0.00008,   -0.001, 27 May 2017, 17:31:00
 19.0210, 0.00008,   -0.001, 27 May 2017, 17:31:05
 19.0447, 0.00008,   -0.001, 27 May 2017, 17:31:10
 19.0454, 0.00008,   -0.001, 27 May 2017, 17:31:15
 19.0132, 0.00008,    0.001, 27 May 2017, 17:31:20
 18.9762, 0.00008,    0.001, 27 May 2017, 17:31:25
 18.9585, 0.00008,   -0.001, 27 May 2017, 17:31:30
 18.8692, 0.00008,    0.001, 27 May 2017, 17:31:35
 18.7966, 0.00008,    0.001, 27 May 2017, 17:31:40
 18.7461, 0.00008,    0.003, 27 May 2017, 17:31:45
 18.6594, 0.00008,    0.003, 27 May 2017, 17:31:50
 18.6035, 0.00008,    0.005, 27 May 2017, 17:31:55
 18.6479, 0.00007,    0.005, 27 May 2017, 17:32:00
 18.6910, 0.00008,    0.007, 27 May 2017, 17:32:05
 18.7082, 0.00008,    0.007, 27 May 2017, 17:32:10
 18.6784, 0.00008,    0.005, 27 May 2017, 17:32:15
 18.6480, 0.00008,    0.007, 27 May 2017, 17:32:20
 18.6619, 0.00008,    0.005, 27 May 2017, 17:32:25
 18.6720, 0.00007,    0.007, 27 May 2017, 17:32:30
 18.6578, 0.00008,    0.008, 27 May 2017, 17:32:35
 18.6250, 0.00008,    0.005, 27 May 2017, 17:32:40
 18.5859, 0.00008,    0.007, 27 May 2017, 17:32:45
 18.5245, 0.00008,    0.008, 27 May 2017, 17:32:50
 18.4452, 0.00008,    0.008, 27 May 2017, 17:32:55
 18.4554, 0.00008,    0.005, 27 May 2017, 17:33:00
 18.3888, 0.00008,    0.010, 27 May 2017, 17:33:05
 18.3836, 0.00008,    0.010, 27 May 2017, 17:33:10
 18.4009, 0.00008,    0.008, 27 May 2017, 17:33:15
 18.4757, 0.00008,    0.008, 27 May 2017, 17:33:20
 18.4230, 0.00008,    0.010, 27 May 2017, 17:33:25
 18.4138, 0.00008,    0.012, 27 May 2017, 17:33:30
 18.3340, 0.00008,    0.008, 27 May 2017, 17:33:35
 18.4035, 0.00008,    0.010, 27 May 2017, 17:33:40
 18.5217, 0.00008,    0.012, 27 May 2017, 17:33:45
 18.3985, 0.00008,    0.012, 27 May 2017, 17:33:50
 18.4403, 0.00008,    0.012, 27 May 2017, 17:33:55
 18.5189, 0.00008,    0.012, 27 May 2017, 17:34:00
 18.6132, 0.00008,    0.016, 27 May 2017, 17:34:05
 18.6051, 0.00008,    0.012, 27 May 2017, 17:34:10
 18.5556, 0.00008,    0.012, 27 May 2017, 17:34:15
 18.5502, 0.00008,    0.012, 27 May 2017, 17:34:20
 18.5532, 0.00008,    0.014, 27 May 2017, 17:34:25
 18.5292, 0.00008,    0.014, 27 May 2017, 17:34:30
 18.4524, 0.00008,    0.014, 27 May 2017, 17:34:35
 18.4828, 0.00008,    0.017, 27 May 2017, 17:34:40
 18.4657, 0.00008,    0.016, 27 May 2017, 17:34:45
 18.4816, 0.00008,    0.017, 27 May 2017, 17:34:50
 18.5136, 0.00008,    0.017, 27 May 2017, 17:34:55
 18.5450, 0.00008,    0.017, 27 May 2017, 17:35:00
 18.5427, 0.00008,    0.017, 27 May 2017, 17:35:05
 18.5424, 0.00008,    0.017, 27 May 2017, 17:35:10
 18.5653, 0.00007,    0.021, 27 May 2017, 17:35:15
 18.6048, 0.00008,    0.023, 27 May 2017, 17:35:20
 18.6226, 0.00008,    0.023, 27 May 2017, 17:35:25
 18.5870, 0.00007,    0.023, 27 May 2017, 17:35:30
 18.5912, 0.00007,    0.023, 27 May 2017, 17:35:35
 18.6018, 0.00008,    0.023, 27 May 2017, 17:35:40
 18.6238, 0.00008,    0.023, 27 May 2017, 17:35:45
 18.6172, 0.00007,    0.025, 27 May 2017, 17:35:50
 18.6438, 0.00007,    0.025, 27 May 2017, 17:35:55
 18.6510, 0.00007,    0.025, 27 May 2017, 17:36:00
 18.6324, 0.00007,    0.025, 27 May 2017, 17:36:05
 18.6256, 0.00007,    0.023, 27 May 2017, 17:36:10
 18.6156, 0.00007,    0.025, 27 May 2017, 17:36:15
 18.6289, 0.00008,    0.023, 27 May 2017, 17:36:20
 18.6385, 0.00007,    0.023, 27 May 2017, 17:36:25
 18.6179, 0.00007,    0.023, 27 May 2017, 17:36:30
 18.6419, 0.00007,    0.023, 27 May 2017, 17:36:35
 18.6387, 0.00007,    0.023, 27 May 2017, 17:36:40
 18.6335, 0.00007,    0.023, 27 May 2017, 17:36:45
 18.6873, 0.00007,    0.021, 27 May 2017, 17:36:50
 18.6859, 0.00007,    0.016, 27 May 2017, 17:36:55
 18.7299, 0.00007,    0.016, 27 May 2017, 17:37:00
 18.7273, 0.54101,    0.043, 27 May 2017, 17:37:05
 20.9650, 3.18402,    0.111, 27 May 2017, 17:37:10
 20.9612, 3.16805,    0.111, 27 May 2017, 17:37:15
 20.9673, 3.17247,    0.140, 27 May 2017, 17:37:20
 20.9665, 3.20200,    0.167, 27 May 2017, 17:37:25
 20.9668, 3.19293,    0.471, 27 May 2017, 17:37:30
 20.9695, 3.20534,    0.606, 27 May 2017, 17:37:35
 20.9694, 3.20608,    0.807, 27 May 2017, 17:37:40
 20.9689, 3.20681,    0.953, 27 May 2017, 17:37:45
 20.9693, 3.20705,    0.960, 27 May 2017, 17:37:50
 20.9682, 3.20617,    1.098, 27 May 2017, 17:37:55
 20.9684, 3.20357,    1.282, 27 May 2017, 17:38:00
 20.9694, 3.20837,    1.088, 27 May 2017, 17:38:05
 20.9695, 3.20810,    1.305, 27 May 2017, 17:38:10
 20.9692, 3.20741,    1.165, 27 May 2017, 17:38:15
 20.9671, 3.20972,    1.055, 27 May 2017, 17:38:20
 20.9670, 3.20968,    0.999, 27 May 2017, 17:38:25
 20.9680, 3.21019,    0.850, 27 May 2017, 17:38:30
 20.9680, 3.21128,    0.566, 27 May 2017, 17:38:35
 20.9651, 3.21301,    0.244, 27 May 2017, 17:38:40
 20.9585, 2.52533,    0.019, 27 May 2017, 17:38:45
 20.7926, 1.50143,    0.016, 27 May 2017, 17:38:50
 20.6361, 0.42902,    0.008, 27 May 2017, 17:38:55
 20.8869, 1.65363,    0.012, 27 May 2017, 17:39:00
 20.2765, 0.06081,    0.007, 27 May 2017, 17:39:05
 19.4940, 0.00279,    0.007, 27 May 2017, 17:39:10
 19.4846, 0.00007,    0.003, 27 May 2017, 17:39:15
 19.4896, 0.00007,    0.003, 27 May 2017, 17:39:20
 19.5377, 0.00007,    0.003, 27 May 2017, 17:39:25
 19.5618, 0.00007,    0.003, 27 May 2017, 17:39:30
 19.5445, 0.00007,    0.003, 27 May 2017, 17:39:35
 19.4745, 0.00007,    0.003, 27 May 2017, 17:39:40
 19.4358, 0.00007,    0.003, 27 May 2017, 17:39:45
 19.4343, 0.00007,    0.003, 27 May 2017, 17:39:50
 19.3203, 0.00007,    0.003, 27 May 2017, 17:39:55
 19.3043, 0.00007,    0.003, 27 May 2017, 17:40:00
 19.3031, 0.00007,    0.003, 27 May 2017, 17:40:05
 19.2699, 0.00007,    0.003, 27 May 2017, 17:40:10
 19.2416, 0.00008,    0.003, 27 May 2017, 17:40:15
 19.1090, 0.00007,    0.005, 27 May 2017, 17:40:20
 19.0668, 0.00007,    0.005, 27 May 2017, 17:40:25
 19.0655, 0.00007,    0.005, 27 May 2017, 17:40:30
 19.0724, 0.00008,    0.005, 27 May 2017, 17:40:35
 19.0704, 0.00007,    0.005, 27 May 2017, 17:40:40
 19.0675, 0.00007,    0.007, 27 May 2017, 17:40:45
 19.0756, 0.00008,    0.005, 27 May 2017, 17:40:50
 19.0818, 0.00008,    0.007, 27 May 2017, 17:40:55
 19.0651, 0.00008,    0.007, 27 May 2017, 17:41:00
 19.0785, 0.00008,    0.007, 27 May 2017, 17:41:05
 19.0598, 0.00008,    0.007, 27 May 2017, 17:41:10
 18.9390, 0.00008,    0.007, 27 May 2017, 17:41:15
 18.8682, 0.00008,    0.007, 27 May 2017, 17:41:20
 18.8563, 0.00008,    0.008, 27 May 2017, 17:41:25
 18.8292, 0.00008,    0.008, 27 May 2017, 17:41:30
 18.8493, 0.00008,    0.012, 27 May 2017, 17:41:35
 18.8252, 0.00008,    0.014, 27 May 2017, 17:41:40
 18.7737, 0.00008,    0.014, 27 May 2017, 17:41:45
 18.6856, 0.00008,    0.014, 27 May 2017, 17:41:50
 18.6879, 0.00008,    0.016, 27 May 2017, 17:41:55
 18.6610, 0.00008,    0.016, 27 May 2017, 17:42:00
 18.6748, 0.00008,    0.016, 27 May 2017, 17:42:05
 18.6819, 0.00008,    0.016, 27 May 2017, 17:42:10
 18.6327, 0.00008,    0.016, 27 May 2017, 17:42:15
 18.6130, 0.00008,    0.016, 27 May 2017, 17:42:20
 18.6682, 0.00008,    0.016, 27 May 2017, 17:42:25
 18.6360, 0.00008,    0.016, 27 May 2017, 17:42:30
 18.6105, 0.00008,    0.017, 27 May 2017, 17:42:35
 18.5756, 0.00008,    0.017, 27 May 2017, 17:42:40
 18.5667, 0.00008,    0.019, 27 May 2017, 17:42:45
 18.5714, 0.00008,    0.019, 27 May 2017, 17:42:50
 18.5805, 0.00008,    0.017, 27 May 2017, 17:42:55
 18.5883, 0.00008,    0.017, 27 May 2017, 17:43:00
 18.5960, 0.00008,    0.017, 27 May 2017, 17:43:05
 18.6246, 0.00008,    0.019, 27 May 2017, 17:43:10
 18.4972, 0.00008,    0.019, 27 May 2017, 17:43:15
 18.5206, 0.00008,    0.021, 27 May 2017, 17:43:20
 18.5444, 0.00009,    0.021, 27 May 2017, 17:43:25
 18.5626, 0.00008,    0.019, 27 May 2017, 17:43:30
 18.5995, 0.00008,    0.019, 27 May 2017, 17:43:35
 18.5585, 0.00008,    0.021, 27 May 2017, 17:43:40
 18.5270, 0.00008,    0.021, 27 May 2017, 17:43:45
 18.5474, 0.00008,    0.021, 27 May 2017, 17:43:50
 18.6017, 0.00008,    0.021, 27 May 2017, 17:43:55
 18.5939, 0.00008,    0.023, 27 May 2017, 17:44:00
