data/raw/01-10-17/1-10-2017_processed.cnv
* Sea-Bird SBE37 Data File:
* FileName = D:\Prof-Arnaldo\CTD-LAGOA_1_10_2017\1-10-2017.asc
* Software Version 1.59
* Temperature SN = 2603
* Conductivity SN = 2603
* System UpLoad Time = Oct 01 2017 18:04:55
* ds
* SBE37-SM V 2.2  SERIAL NO. 2603    01 Oct 2017  17:59:48
# nquan = 9                                 
# nvalues = 3116                        
# units = metric
# name 0 = t090: temperature, ITS-90 [deg C]
# name 1 = c0S/m: conductivity [S/m]
# name 2 = pr: pressure [db]
# name 3 = timeJ: time [julian days]
# name 4 = potemp090C: Potential Temperature [ITS-90, deg C]
# name 5 = sal00: Salinity, Practical [PSU]
# name 6 = depSM: Depth [salt water, m], lat = 28.48
# name 7 = sigma-t00: Density [sigma-t, kg/m^3 ]
# name 8 = flag: flag
# span 0 =    18.9190,    29.0011       
# span 1 =   0.000080,   4.759860       
# span 2 =     -0.259,      8.891       
# span 3 = 274.569271, 274.749549       
# span 4 =    18.9179,    29.0011       
# span 5 =     0.0104,    35.4087       
# span 6 =     -0.257,      8.831       
# span 7 =    -4.0439,    25.2819       
# span 8 = 0.0000e+00, 0.0000e+00       
# interval = seconds: 5
# start_time = Oct 01 2017 13:39:45
# bad_flag = -9.990e-29
*END*
[from data line 2081]
    22.3117   0.041410     -0.207 274.689711    22.3117     0.2112     -0.206    -2.1385 0.0000e+00
    22.3412   0.026670     -0.211 274.689769    22.3412     0.1358     -0.210    -2.2027 0.0000e+00
    22.3792   0.019800     -0.211 274.689826    22.3792     0.1013     -0.210    -2.2377 0.0000e+00
    22.4597   0.016700     -0.209 274.689884    22.4597     0.0859     -0.208    -2.2681 0.0000e+00
    22.5785   0.014750     -0.211 274.689942    22.5785     0.0763     -0.210    -2.3030 0.0000e+00
    22.4571   0.013040     -0.207 274.690000    22.4571     0.0681     -0.206    -2.2810 0.0000e+00
    22.5037   0.010410     -0.209 274.690058    22.5037     0.0555     -0.208    -2.3015 0.0000e+00
    22.4000   0.009670     -0.209 274.690116    22.4000     0.0521     -0.208    -2.2801 0.0000e+00
    22.4170   0.009000     -0.209 274.690174    22.4170     0.0489     -0.208    -2.2864 0.0000e+00
    22.4714   0.008170     -0.207 274.690231    22.4714     0.0449     -0.206    -2.3020 0.0000e+00
    22.4831   0.007870     -0.207 274.690289    22.4831     0.0435     -0.206    -2.3058 0.0000e+00
    22.4698   0.007600     -0.209 274.690347    22.4698     0.0423     -0.208    -2.3037 0.0000e+00
    22.3884   0.007370     -0.207 274.690405    22.3884     0.0413     -0.206    -2.2856 0.0000e+00
    22.4396   0.007150     -0.209 274.690463    22.4396     0.0402     -0.208    -2.2982 0.0000e+00
    22.4075   0.006940     -0.209 274.690521    22.4075     0.0393     -0.208    -2.2916 0.0000e+00
    22.3144   0.006750     -0.206 274.690579    22.3144     0.0384     -0.205    -2.2707 0.0000e+00
    22.2276   0.006480     -0.206 274.690637    22.2276     0.0372     -0.205    -2.2517 0.0000e+00
    22.2192   0.006120     -0.207 274.690694    22.2192     0.0355     -0.206    -2.2510 0.0000e+00
    22.3309   0.005670     -0.209 274.690752    22.3309     0.0334     -0.208    -2.2783 0.0000e+00
    22.4063   0.005440     -0.211 274.690810    22.4063     0.0324     -0.210    -2.2965 0.0000e+00
    22.4505   0.005390     -0.211 274.690868    22.4505     0.0321     -0.210    -2.3069 0.0000e+00
    22.4510   0.005360     -0.209 274.690926    22.4510     0.0320     -0.208    -2.3071 0.0000e+00
    22.4727   0.005330     -0.209 274.690984    22.4727     0.0319     -0.208    -2.3123 0.0000e+00
    22.4417   0.005300     -0.209 274.691042    22.4417     0.0317     -0.208    -2.3052 0.0000e+00
    22.4312   0.005260     -0.211 274.691100    22.4312     0.0316     -0.210    -2.3029 0.0000e+00
    22.4862   0.005230     -0.211 274.691157    22.4862     0.0314     -0.210    -2.3158 0.0000e+00
    22.4913   0.005140     -0.211 274.691215    22.4913     0.0310     -0.210    -2.3172 0.0000e+00
    22.5222   0.005090     -0.216 274.691273    22.5222     0.0308     -0.215    -2.3246 0.0000e+00
    22.5994   0.004940     -0.218 274.691331    22.5994     0.0301     -0.217    -2.3431 0.0000e+00
    22.6341   0.004860     -0.220 274.691389    22.6341     0.0297     -0.219    -2.3515 0.0000e+00
    22.6697   0.004840     -0.218 274.691447    22.6697     0.0296     -0.217    -2.3598 0.0000e+00
    22.7292   0.004790     -0.218 274.691505    22.7292     0.0294     -0.217    -2.3739 0.0000e+00
    22.7488   0.004790     -0.220 274.691562    22.7488     0.0294     -0.219    -2.3785 0.0000e+00
    22.7709   0.004790     -0.220 274.691620    22.7709     0.0294     -0.219    -2.3837 0.0000e+00
    22.7990   0.004800     -0.220 274.691678    22.7990     0.0294     -0.219    -2.3903 0.0000e+00
    22.8386   0.004810     -0.220 274.691736    22.8386     0.0295     -0.219    -2.3996 0.0000e+00
    22.8883   0.004800     -0.220 274.691794    22.8883     0.0294     -0.219    -2.4113 0.0000e+00
    22.9207   0.004790     -0.222 274.691852    22.9207     0.0293     -0.221    -2.4190 0.0000e+00
    22.9557   0.004780     -0.220 274.691910    22.9557     0.0293     -0.219    -2.4273 0.0000e+00
    23.0034   0.004780     -0.220 274.691968    23.0034     0.0293     -0.219    -2.4386 0.0000e+00
    23.0306   0.004770     -0.216 274.692025    23.0306     0.0292     -0.215    -2.4451 0.0000e+00
    23.0008   0.004770     -0.220 274.692083    23.0008     0.0292     -0.219    -2.4381 0.0000e+00
    23.0426   0.004800     -0.234 274.692141    23.0426     0.0294     -0.232    -2.4479 0.0000e+00
    23.0797   1.447060     -0.200 274.692199    23.0797     8.7478     -0.199     4.1156 0.0000e+00
    22.6843   3.921290     -0.081 274.692257    22.6843    26.2891     -0.080    17.4288 0.0000e+00
    22.6840   3.917940     -0.071 274.692315    22.6840    26.2644     -0.071    17.4102 0.0000e+00
    22.6822   3.916800     -0.054 274.692373    22.6822    26.2569     -0.054    17.4051 0.0000e+00
    22.6826   3.916510     -0.036 274.692431    22.6826    26.2545     -0.036    17.4032 0.0000e+00
    22.6879   3.916180     -0.040 274.692488    22.6879    26.2489     -0.040    17.3975 0.0000e+00
    22.6892   3.916930     -0.108 274.692546    22.6892    26.2537     -0.107    17.4008 0.0000e+00
    22.6948   3.916890     -0.053 274.692604    22.6948    26.2501     -0.053    17.3965 0.0000e+00
    22.6969   3.917760     -0.094 274.692662    22.6969    26.2553     -0.093    17.3998 0.0000e+00
    22.7007   3.918070     -0.144 274.692720    22.7007    26.2554     -0.143    17.3988 0.0000e+00
    22.7019   3.918390     -0.099 274.692778    22.7019    26.2570     -0.098    17.3998 0.0000e+00
    22.7029   3.918570     -0.110 274.692836    22.7029    26.2578     -0.109    17.4001 0.0000e+00
    22.7025   3.918870     -0.103 274.692894    22.7025    26.2602     -0.102    17.4020 0.0000e+00
    22.7074   3.918890     -0.089 274.692951    22.7074    26.2574     -0.088    17.3986 0.0000e+00
    22.7065   3.919120     -0.036 274.693009    22.7065    26.2597     -0.036    17.4005 0.0000e+00
    22.7104   3.919150      0.059 274.693067    22.7104    26.2576      0.059    17.3978 0.0000e+00
    22.7064   3.919410      0.120 274.693125    22.7064    26.2619      0.119    17.4022 0.0000e+00
    22.6979   3.919040      0.125 274.693183    22.6979    26.2642      0.124    17.4063 0.0000e+00
    22.6989   3.918890      0.160 274.693241    22.6989    26.2625      0.159    17.4047 0.0000e+00
    22.6950   3.918680      0.294 274.693299    22.6949    26.2632      0.292    17.4063 0.0000e+00
    22.6949   3.918730      0.449 274.693356    22.6948    26.2636      0.446    17.4066 0.0000e+00
    22.6954   3.918760      0.458 274.693414    22.6953    26.2635      0.455    17.4064 0.0000e+00
    22.6957   3.918760      0.449 274.693472    22.6956    26.2633      0.446    17.4062 0.0000e+00
    22.6941   3.918810      0.463 274.693530    22.6940    26.2647      0.460    17.4077 0.0000e+00
    22.6945   3.918770      0.399 274.693588    22.6944    26.2641      0.396    17.4072 0.0000e+00
    22.6947   3.918870      0.365 274.693646    22.6946    26.2648      0.363    17.4076 0.0000e+00
    22.6951   3.918910      0.287 274.693704    22.6950    26.2648      0.285    17.4075 0.0000e+00
    22.6956   3.918720      0.224 274.693762    22.6956    26.2632      0.223    17.4061 0.0000e+00
    22.7000   3.919120      0.066 274.693819    22.7000    26.2635      0.066    17.4052 0.0000e+00
    22.7072   3.919590      0.017 274.693877    22.7072    26.2628      0.017    17.4026 0.0000e+00
    22.7109   3.920100     -0.062 274.693935    22.7109    26.2644     -0.062    17.4028 0.0000e+00
    22.6300   0.358260     -0.209 274.693993    22.6300     1.9811     -0.208    -0.8717 0.0000e+00
    22.4999   0.085690     -0.209 274.694051    22.4999     0.4434     -0.208    -2.0056 0.0000e+00
    22.5075   0.049870     -0.229 274.694109    22.5075     0.2541     -0.227    -2.1512 0.0000e+00
    22.6134   0.039480     -0.211 274.694167    22.6134     0.2000     -0.210    -2.2171 0.0000e+00
    22.5743   0.038550     -0.211 274.694225    22.5743     0.1954     -0.210    -2.2114 0.0000e+00
    22.5395   0.024010     -0.211 274.694282    22.5395     0.1219     -0.210    -2.2592 0.0000e+00
    22.5938   0.019720     -0.211 274.694340    22.5938     0.1005     -0.210    -2.2881 0.0000e+00
    22.6125   0.015500     -0.211 274.694398    22.6125     0.0798     -0.210    -2.3082 0.0000e+00
    22.8105   0.014430     -0.213 274.694456    22.8105     0.0744     -0.212    -2.3588 0.0000e+00
    22.6875   0.013530     -0.211 274.694514    22.6875     0.0702     -0.210    -2.3331 0.0000e+00
    22.5869   0.012690     -0.213 274.694572    22.5869     0.0663     -0.212    -2.3126 0.0000e+00
    22.5065   0.012010     -0.211 274.694630    22.5065     0.0631     -0.210    -2.2963 0.0000e+00
    22.4238   0.011460     -0.211 274.694687    22.4238     0.0606     -0.210    -2.2791 0.0000e+00
    22.4174   0.011110     -0.211 274.694745    22.4174     0.0589     -0.210    -2.2789 0.0000e+00
    22.3891   0.010730     -0.211 274.694803    22.3891     0.0571     -0.210    -2.2737 0.0000e+00
    22.3725   0.010400     -0.211 274.694861    22.3725     0.0555     -0.210    -2.2711 0.0000e+00
    22.3470   0.010090     -0.211 274.694919    22.3470     0.0541     -0.210    -2.2663 0.0000e+00
    22.3543   0.009790     -0.211 274.694977    22.3543     0.0527     -0.210    -2.2691 0.0000e+00
    22.3109   0.009490     -0.211 274.695035    22.3109     0.0513     -0.210    -2.2601 0.0000e+00
    22.3206   0.009220     -0.213 274.695093    22.3206     0.0500     -0.212    -2.2633 0.0000e+00
    22.3306   0.008890     -0.213 274.695150    22.3306     0.0484     -0.212    -2.2668 0.0000e+00
    22.3209   0.008680     -0.211 274.695208    22.3209     0.0474     -0.210    -2.2653 0.0000e+00
    22.5591   0.008580     -0.213 274.695266    22.5591     0.0468     -0.212    -2.3209 0.0000e+00
    22.7314   0.008470     -0.213 274.695324    22.7314     0.0462     -0.212    -2.3617 0.0000e+00
    22.6831   0.008450     -0.215 274.695382    22.6831     0.0461     -0.214    -2.3504 0.0000e+00
    22.5323   0.008460     -0.215 274.695440    22.5323     0.0463     -0.214    -2.3151 0.0000e+00
    22.4510   0.008370     -0.213 274.695498    22.4510     0.0459     -0.212    -2.2966 0.0000e+00
    22.3942   0.008280     -0.215 274.695556    22.3942     0.0455     -0.214    -2.2837 0.0000e+00
    22.3471   0.008250     -0.213 274.695613    22.3471     0.0454     -0.212    -2.2729 0.0000e+00
    22.3455   0.008250     -0.209 274.695671    22.3455     0.0454     -0.208    -2.2726 0.0000e+00
    22.3546   0.009730     -0.209 274.695729    22.3546     0.0524     -0.208    -2.2693 0.0000e+00
    22.3566   0.009920     -0.207 274.695787    22.3566     0.0533     -0.206    -2.2691 0.0000e+00
    22.3225   0.011130     -0.206 274.695845    22.3225     0.0591     -0.205    -2.2568 0.0000e+00
    22.2488   0.010320     -0.206 274.695903    22.2488     0.0553     -0.205    -2.2428 0.0000e+00
    22.1831   0.010560     -0.206 274.695961    22.1831     0.0565     -0.205    -2.2268 0.0000e+00
    22.1794   0.010140     -0.209 274.696019    22.1794     0.0545     -0.208    -2.2275 0.0000e+00
    22.2393   0.009650     -0.207 274.696076    22.2393     0.0521     -0.206    -2.2430 0.0000e+00
    22.2365   0.009310     -0.204 274.696134    22.2365     0.0505     -0.203    -2.2436 0.0000e+00
    22.2149   0.010230     -0.207 274.696192    22.2149     0.0549     -0.206    -2.2353 0.0000e+00
    22.2208   0.010250     -0.202 274.696250    22.2208     0.0550     -0.201    -2.2366 0.0000e+00
    22.2587   0.009520     -0.207 274.696308    22.2587     0.0515     -0.206    -2.2480 0.0000e+00
    22.2935   0.008430     -0.204 274.696366    22.2935     0.0463     -0.203    -2.2599 0.0000e+00
    22.3257   0.007880     -0.209 274.696424    22.3257     0.0437     -0.208    -2.2693 0.0000e+00
    22.3639   0.007390     -0.204 274.696481    22.3639     0.0414     -0.203    -2.2799 0.0000e+00
    22.4117   0.006880     -0.209 274.696539    22.4117     0.0390     -0.208    -2.2927 0.0000e+00
    22.4815   0.006630     -0.206 274.696597    22.4815     0.0378     -0.205    -2.3098 0.0000e+00
    22.5453   0.006450     -0.211 274.696655    22.5453     0.0369     -0.210    -2.3253 0.0000e+00
    22.5956   0.006360     -0.207 274.696713    22.5956     0.0365     -0.206    -2.3373 0.0000e+00
    22.6357   0.006240     -0.207 274.696771    22.6357     0.0360     -0.206    -2.3471 0.0000e+00
    22.6851   0.006110     -0.211 274.696829    22.6851     0.0353     -0.210    -2.3591 0.0000e+00
    22.7455   0.006050     -0.211 274.696887    22.7455     0.0350     -0.210    -2.3734 0.0000e+00
    22.7914   0.006000     -0.207 274.696944    22.7914     0.0348     -0.206    -2.3844 0.0000e+00
    22.8309   0.005970     -0.209 274.697002    22.8309     0.0347     -0.208    -2.3938 0.0000e+00
    22.8796   0.005910     -0.213 274.697060    22.8796     0.0344     -0.212    -2.4055 0.0000e+00
    22.9209   0.005910     -0.204 274.697118    22.9209     0.0344     -0.203    -2.4153 0.0000e+00
    22.9586   0.005920     -0.215 274.697176    22.9586     0.0344     -0.214    -2.4241 0.0000e+00
    22.9903   0.005980     -0.207 274.697234    22.9903     0.0347     -0.206    -2.4314 0.0000e+00
    23.0162   0.006080     -0.204 274.697292    23.0162     0.0351     -0.203    -2.4373 0.0000e+00
    23.0389   0.006680     -0.213 274.697350    23.0389     0.0378     -0.212    -2.4406 0.0000e+00
    23.0587   0.007560     -0.213 274.697407    23.0587     0.0418     -0.212    -2.4422 0.0000e+00
    23.0703   0.007820     -0.211 274.697465    23.0703     0.0430     -0.210    -2.4441 0.0000e+00
    23.0835   0.007710     -0.207 274.697523    23.0835     0.0425     -0.206    -2.4476 0.0000e+00
    23.0881   0.007670     -0.204 274.697581    23.0881     0.0423     -0.203    -2.4488 0.0000e+00
    23.0464   0.007840     -0.206 274.697639    23.0464     0.0431     -0.205    -2.4383 0.0000e+00
    23.0515   0.007690     -0.204 274.697697    23.0515     0.0424     -0.203    -2.4401 0.0000e+00
    23.2984   0.007530     -0.206 274.697755    23.2984     0.0416     -0.205    -2.4997 0.0000e+00
    23.4517   0.009060     -0.206 274.697813    23.4517     0.0485     -0.205    -2.5313 0.0000e+00
    23.6210   0.009640     -0.215 274.697870    23.6210     0.0510     -0.214    -2.5704 0.0000e+00
    23.7579   0.008890     -0.218 274.697928    23.7579     0.0475     -0.217    -2.6064 0.0000e+00
    23.6212   0.022000     -0.206 274.697986    23.6212     0.1096     -0.205    -2.5259 0.0000e+00
    23.2062   0.021130     -0.209 274.698044    23.2062     0.1063     -0.208    -2.4284 0.0000e+00
    22.9712   0.028830     -0.209 274.698102    22.9712     0.1449     -0.208    -2.3431 0.0000e+00
    22.8034   0.022340     -0.211 274.698160    22.8034     0.1130     -0.210    -2.3277 0.0000e+00
    22.6723   0.017920     -0.191 274.698218    22.6723     0.0916     -0.190    -2.3133 0.0000e+00
    22.5578   0.016700     -0.209 274.698275    22.5578     0.0858     -0.208    -2.2910 0.0000e+00
    22.5720   0.015240     -0.200 274.698333    22.5720     0.0786     -0.199    -2.2997 0.0000e+00
    22.5208   0.014680     -0.206 274.698391    22.5208     0.0760     -0.205    -2.2898 0.0000e+00
    22.4754   0.015790     -0.216 274.698449    22.4754     0.0815     -0.215    -2.2751 0.0000e+00
    22.4487   0.018380     -0.211 274.698507    22.4487     0.0942     -0.210    -2.2592 0.0000e+00
    22.4907   0.032480     -0.229 274.698565    22.4907     0.1647     -0.227    -2.2153 0.0000e+00
    22.4507   0.013930     -0.227 274.698623    22.4507     0.0724     -0.225    -2.2763 0.0000e+00
    22.3654   0.019180     -0.213 274.698681    22.3654     0.0983     -0.212    -2.2369 0.0000e+00
    22.3379   0.020930     -0.232 274.698738    22.3379     0.1070     -0.230    -2.2239 0.0000e+00
    22.3598   0.020250     -0.229 274.698796    22.3598     0.1036     -0.227    -2.2315 0.0000e+00
    22.3861   0.046580     -0.225 274.698854    22.3861     0.2376     -0.223    -2.1356 0.0000e+00
