data/raw/01-10-17/1-10-2017.cnv
* Sea-Bird SBE37 Data File:
* FileName = D:\Prof-Arnaldo\CTD-LAGOA_1_10_2017\1-10-2017.asc
* Software Version 1.59
* Temperature SN = 2603
* Conductivity SN = 2603
* System UpLoad Time = Oct 01 2017 18:04:55
* ds
* SBE37-SM V 2.2  SERIAL NO. 2603    01 Oct 2017  17:59:48
# nquan = 5
# nvalues =     3116
# units = metric
# name 0 = t090: temperature, ITS-90 [deg C]
# name 1 = c0S/m: conductivity [S/m]
# name 2 = pr: pressure [db]
# name 3 = timeJ: time [julian days]
# name 4 = flag:  0.000e+00
# span 0 = 18.9190, 29.0011           
# span 1 = 0.00008, 4.75986           
# span 2 = -0.259, 8.891              
# span 3 = 274.569271, 274.749549     
# span 4 = 0.000e+00, 0.000e+00       
# interval = seconds: 5
# start_time = Oct 01 2017 13:39:45
# bad_flag = -9.990e-29
*END*
[from data line 286]
    22.7361    0.00010     -0.188 274.585833  0.000e+00
    22.7061    0.00010     -0.189 274.585891  0.000e+00
    22.6482    0.00010     -0.188 274.585949  0.000e+00
    22.6257    0.00010     -0.188 274.586007  0.000e+00
    22.5506    0.00010     -0.186 274.586065  0.000e+00
    22.4753    0.00010     -0.186 274.586123  0.000e+00
    22.4186    0.00010     -0.191 274.586181  0.000e+00
    22.3943    0.00010     -0.189 274.586238  0.000e+00
    22.3293    0.00010     -0.191 274.586296  0.000e+00
    22.4053    0.00010     -0.188 274.586354  0.000e+00
    22.4442    0.00010     -0.189 274.586412  0.000e+00
    22.4991    0.00010     -0.189 274.586470  0.000e+00
    22.5567    0.00010     -0.189 274.586528  0.000e+00
    22.5735    0.00010     -0.189 274.586586  0.000e+00
    22.5578    0.00010     -0.186 274.586644  0.000e+00
    22.5511    0.00010     -0.188 274.586701  0.000e+00
    22.5087    0.00010     -0.184 274.586759  0.000e+00
    22.4055    0.00010     -0.186 274.586817  0.000e+00
    22.2905    0.00010     -0.189 274.586875  0.000e+00
    22.2540    0.00010     -0.184 274.586933  0.000e+00
    22.1344    0.00010     -0.186 274.586991  0.000e+00
    22.0672    0.00010     -0.186 274.587049  0.000e+00
    21.9763    0.00010     -0.182 274.587106  0.000e+00
    21.9213    0.00010     -0.188 274.587164  0.000e+00
    21.8886    0.00010     -0.184 274.587222  0.000e+00
    21.8595    0.00010     -0.186 274.587280  0.000e+00
    21.8488    0.00010     -0.182 274.587338  0.000e+00
    21.8606    0.00010     -0.184 274.587396  0.000e+00
    21.8723    0.00010     -0.182 274.587454  0.000e+00
    21.8692    0.00010     -0.186 274.587512  0.000e+00
    21.8774    0.00010     -0.184 274.587569  0.000e+00
    21.9319    0.00010     -0.182 274.587627  0.000e+00
    21.9556    0.00010     -0.188 274.587685  0.000e+00
    21.9718    0.00010     -0.189 274.587743  0.000e+00
    22.0110    0.00010     -0.189 274.587801  0.000e+00
    22.0776    0.00009     -0.189 274.587859  0.000e+00
    22.2064    0.00010     -0.188 274.587917  0.000e+00
    22.2523    0.00009     -0.188 274.587975  0.000e+00
    22.2296    0.00009     -0.186 274.588032  0.000e+00
    22.1808    0.00009     -0.188 274.588090  0.000e+00
    22.1366    0.00009     -0.188 274.588148  0.000e+00
    22.1241    0.00009     -0.188 274.588206  0.000e+00
    22.1691    0.00009     -0.186 274.588264  0.000e+00
    22.1463    0.00009     -0.186 274.588322  0.000e+00
    22.1205    0.00009     -0.188 274.588380  0.000e+00
    22.1567    0.00009     -0.188 274.588438  0.000e+00
    22.2340    0.00009     -0.188 274.588495  0.000e+00
    22.3333    0.00009     -0.188 274.588553  0.000e+00
    22.5018    0.00009     -0.200 274.588611  0.000e+00
    22.2951    0.90239     -0.189 274.588669  0.000e+00
    20.0027    4.67677     -0.009 274.588727  0.000e+00
    20.0721    4.68116      0.005 274.588785  0.000e+00
    20.2537    4.66831     -0.002 274.588843  0.000e+00
    20.2542    4.66472     -0.018 274.588900  0.000e+00
    20.2290    4.66470      0.025 274.588958  0.000e+00
    20.2233    4.66639      0.075 274.589016  0.000e+00
    20.0519    4.66494      0.289 274.589074  0.000e+00
    19.8426    4.68498      0.390 274.589132  0.000e+00
    19.7859    4.68470      0.532 274.589190  0.000e+00
    19.7739    4.67863      0.633 274.589248  0.000e+00
    19.7421    4.67680      0.654 274.589306  0.000e+00
    19.7451    4.68309      0.627 274.589363  0.000e+00
    19.7276    4.68900      0.900 274.589421  0.000e+00
    19.6490    4.69854      1.195 274.589479  0.000e+00
    19.3370    4.70454      1.388 274.589537  0.000e+00
    19.4863    4.70843      1.494 274.589595  0.000e+00
    19.7111    4.70285      1.757 274.589653  0.000e+00
    19.4008    4.70311      1.920 274.589711  0.000e+00
    19.0467    4.70414      2.219 274.589769  0.000e+00
    18.9859    4.71149      2.312 274.589826  0.000e+00
    19.0903    4.71050      2.438 274.589884  0.000e+00
    19.0953    4.70458      2.559 274.589942  0.000e+00
    19.1370    4.70431      2.704 274.590000  0.000e+00
    19.1071    4.70641      2.873 274.590058  0.000e+00
    19.0054    4.69978      2.938 274.590116  0.000e+00
    19.0527    4.70101      3.161 274.590174  0.000e+00
    19.1910    4.69981      3.357 274.590231  0.000e+00
    18.9924    4.69573      3.397 274.590289  0.000e+00
    19.1391    4.69524      3.641 274.590347  0.000e+00
    19.1037    4.69373      3.918 274.590405  0.000e+00
    19.0426    4.69414      4.283 274.590463  0.000e+00
    18.9465    4.69474      4.569 274.590521  0.000e+00
    18.9729    4.69277      4.828 274.590579  0.000e+00
    19.0024    4.69534      4.609 274.590637  0.000e+00
    18.9598    4.69179      5.164 274.590694  0.000e+00
    18.9453    4.69280      6.044 274.590752  0.000e+00
    18.9532    4.69335      6.587 274.590810  0.000e+00
    18.9520    4.69433      6.931 274.590868  0.000e+00
    18.9450    4.69288      6.601 274.590926  0.000e+00
    18.9482    4.69336      7.531 274.590984  0.000e+00
    18.9400    4.69377      8.367 274.591042  0.000e+00
    18.9360    4.69379      8.479 274.591100  0.000e+00
    18.9281    4.69302      8.891 274.591157  0.000e+00
    18.9381    4.69244      8.146 274.591215  0.000e+00
    18.9344    4.69271      7.826 274.591273  0.000e+00
    18.9316    4.69196      6.968 274.591331  0.000e+00
    18.9290    4.69166      6.315 274.591389  0.000e+00
    18.9190    4.69114      6.013 274.591447  0.000e+00
    18.9292    4.69062      5.319 274.591505  0.000e+00
    18.9348    4.63825      4.645 274.591563  0.000e+00
    18.9303    4.68968      3.787 274.591620  0.000e+00
    18.9870    4.18047      3.143 274.591678  0.000e+00
    18.9769    4.66999      2.222 274.591736  0.000e+00
    19.1306    4.68876      1.631 274.591794  0.000e+00
    19.5146    4.68644      0.917 274.591852  0.000e+00
    19.9206    4.67036      0.359 274.591910  0.000e+00
    20.0259    4.32630      0.082 274.591968  0.000e+00
    20.0426    0.10032     -0.159 274.592025  0.000e+00
    20.0587    0.08962     -0.148 274.592083  0.000e+00
    20.3896    0.05735     -0.155 274.592141  0.000e+00
    20.7881    0.01923     -0.153 274.592199  0.000e+00
    21.0969    0.01271     -0.153 274.592257  0.000e+00
    21.3489    0.00028     -0.153 274.592315  0.000e+00
    21.5501    0.00022     -0.155 274.592373  0.000e+00
    21.7368    0.00021     -0.153 274.592431  0.000e+00
    21.9298    0.00021     -0.153 274.592488  0.000e+00
    22.1503    0.00021     -0.153 274.592546  0.000e+00
    22.1462    0.00020     -0.155 274.592604  0.000e+00
    21.9675    0.00021     -0.150 274.592662  0.000e+00
    21.8334    0.00020     -0.150 274.592720  0.000e+00
    21.7580    0.00020     -0.153 274.592778  0.000e+00
    21.5445    0.00020     -0.155 274.592836  0.000e+00
    21.2738    0.00020     -0.155 274.592894  0.000e+00
    21.0752    0.00020     -0.157 274.592951  0.000e+00
    21.2204    0.00020     -0.161 274.593009  0.000e+00
    21.4311    0.00020     -0.159 274.593067  0.000e+00
    21.4711    0.00020     -0.159 274.593125  0.000e+00
    21.6863    0.00020     -0.159 274.593183  0.000e+00
    21.6805    0.00019     -0.161 274.593241  0.000e+00
    21.1436    0.00020     -0.161 274.593299  0.000e+00
    21.1111    0.00019     -0.161 274.593356  0.000e+00
    21.1198    0.00019     -0.162 274.593414  0.000e+00
    21.0554    0.00019     -0.164 274.593472  0.000e+00
    20.8553    0.00019     -0.177 274.593530  0.000e+00
    20.8774    0.00019     -0.184 274.593588  0.000e+00
    20.9142    0.00019     -0.186 274.593646  0.000e+00
    20.8686    0.00019     -0.191 274.593704  0.000e+00
    20.7373    0.16619     -0.164 274.593762  0.000e+00
    19.2175    4.72981     -0.051 274.593819  0.000e+00
    19.2932    4.71751      0.043 274.593877  0.000e+00
    19.2598    4.72798      0.039 274.593935  0.000e+00
    19.2484    4.73812      0.026 274.593993  0.000e+00
    19.2679    4.74928      0.061 274.594051  0.000e+00
    19.2180    4.72582      0.215 274.594109  0.000e+00
    19.2580    4.72844      0.325 274.594167  0.000e+00
    19.2855    4.72852      0.507 274.594225  0.000e+00
    19.2557    4.72136      0.660 274.594282  0.000e+00
    19.2622    4.71573      0.787 274.594340  0.000e+00
    19.1918    4.71574      0.915 274.594398  0.000e+00
    19.1472    4.71315      1.014 274.594456  0.000e+00
    19.1334    4.71778      1.183 274.594514  0.000e+00
    19.1080    4.71723      1.382 274.594572  0.000e+00
    19.0928    4.71337      1.516 274.594630  0.000e+00
    19.0619    4.71175      1.645 274.594687  0.000e+00
    19.0684    4.70218      1.785 274.594745  0.000e+00
    19.0648    4.70155      1.855 274.594803  0.000e+00
    19.0465    4.69682      2.091 274.594861  0.000e+00
    19.0609    4.69889      2.219 274.594919  0.000e+00
    19.0669    4.69768      2.409 274.594977  0.000e+00
    19.0695    4.69858      2.535 274.595035  0.000e+00
    19.0472    4.69468      2.711 274.595093  0.000e+00
    19.0378    4.69419      2.891 274.595150  0.000e+00
    19.0764    4.69420      3.001 274.595208  0.000e+00
    19.0713    4.69525      3.312 274.595266  0.000e+00
    19.0821    4.69581      3.514 274.595324  0.000e+00
    19.1776    4.69688      3.886 274.595382  0.000e+00
    19.1196    4.69781      4.168 274.595440  0.000e+00
    19.0306    4.69773      4.307 274.595498  0.000e+00
    19.0294    4.69739      4.479 274.595556  0.000e+00
    19.0299    4.69662      4.925 274.595613  0.000e+00
    19.0312    4.69634      5.440 274.595671  0.000e+00
    19.0229    4.69698      5.700 274.595729  0.000e+00
    19.0367    4.69689      6.049 274.595787  0.000e+00
    19.0333    4.69689      6.341 274.595845  0.000e+00
    19.0394    4.69731      6.652 274.595903  0.000e+00
    19.0369    4.69690      7.062 274.595961  0.000e+00
    19.0305    4.69609      7.551 274.596019  0.000e+00
    19.0280    4.69542      8.143 274.596076  0.000e+00
    19.0279    4.69573      8.650 274.596134  0.000e+00
    19.0296    4.69616      8.457 274.596192  0.000e+00
    19.0285    4.69519      8.197 274.596250  0.000e+00
    19.0268    4.69472      7.659 274.596308  0.000e+00
    19.0337    4.69442      7.055 274.596366  0.000e+00
    19.0429    4.69383      6.407 274.596424  0.000e+00
    19.0457    4.69330      5.699 274.596481  0.000e+00
    19.0458    4.69273      5.021 274.596539  0.000e+00
    19.0448    4.69289      4.364 274.596597  0.000e+00
    19.0396    4.69251      3.738 274.596655  0.000e+00
    19.0679    4.69303      2.827 274.596713  0.000e+00
    19.0857    4.69405      2.077 274.596771  0.000e+00
    19.1501    4.69772      1.438 274.596829  0.000e+00
    19.1693    4.14959      0.674 274.596887  0.000e+00
    19.3065    4.69702     -0.040 274.596944  0.000e+00
    19.7237    0.19628     -0.182 274.597002  0.000e+00
    20.1135    0.07423     -0.171 274.597060  0.000e+00
    20.3189    0.01755     -0.175 274.597118  0.000e+00
    20.3963    0.01576     -0.173 274.597176  0.000e+00
    20.4141    0.01266     -0.175 274.597234  0.000e+00
    20.4785    0.01011     -0.175 274.597292  0.000e+00
    20.4926    0.00910     -0.170 274.597350  0.000e+00
    20.5279    0.00869     -0.171 274.597407  0.000e+00
    20.5423    0.00805     -0.171 274.597465  0.000e+00
    20.4507    0.00746     -0.171 274.597523  0.000e+00
    20.3758    0.01836     -0.171 274.597581  0.000e+00
    20.3628    0.02426     -0.170 274.597639  0.000e+00
    20.2909    0.01046     -0.175 274.597697  0.000e+00
    20.2827    0.00895     -0.175 274.597755  0.000e+00
    20.2829    0.00774     -0.175 274.597812  0.000e+00
    20.4091    0.00703     -0.177 274.597870  0.000e+00
    20.5013    0.00651     -0.179 274.597928  0.000e+00
    20.5813    0.00516     -0.177 274.597986  0.000e+00
    20.6447    0.00422     -0.179 274.598044  0.000e+00
    20.7225    0.00398     -0.180 274.598102  0.000e+00
    20.7692    0.00383     -0.180 274.598160  0.000e+00
    20.7104    0.00365     -0.179 274.598218  0.000e+00
    20.5422    0.00309     -0.180 274.598275  0.000e+00
    20.4313    0.00279     -0.182 274.598333  0.000e+00
    20.4335    0.00257     -0.184 274.598391  0.000e+00
    20.5881    0.00225     -0.186 274.598449  0.000e+00
    20.7173    0.00211     -0.186 274.598507  0.000e+00
    20.7202    0.00199     -0.186 274.598565  0.000e+00
    20.7889    0.00105     -0.188 274.598623  0.000e+00
    20.8647    0.00089     -0.186 274.598681  0.000e+00
    20.9148    0.00083     -0.188 274.598738  0.000e+00
    20.9969    0.00081     -0.186 274.598796  0.000e+00
    20.9283    0.00079     -0.191 274.598854  0.000e+00
    19.3257    4.73854     -0.054 274.598912  0.000e+00
    19.1877    4.74886      0.041 274.598970  0.000e+00
    19.2014    4.75986      0.050 274.599028  0.000e+00
    19.1731    4.72929      0.064 274.599086  0.000e+00
    19.1625    4.73315      0.073 274.599144  0.000e+00
    19.1597    4.73571      0.066 274.599201  0.000e+00
    19.1705    4.72199      0.188 274.599259  0.000e+00
    19.1593    4.72627      0.329 274.599317  0.000e+00
    19.1409    4.71461      0.419 274.599375  0.000e+00
    19.1748    4.71188      0.454 274.599433  0.000e+00
    19.1728    4.70918      0.474 274.599491  0.000e+00
    19.1639    4.70912      0.604 274.599549  0.000e+00
    19.1816    4.70789      0.798 274.599606  0.000e+00
    19.1682    4.71053      0.868 274.599664  0.000e+00
    19.1758    4.70778      0.870 274.599722  0.000e+00
    19.1945    4.70877      0.926 274.599780  0.000e+00
    19.1527    4.71009      1.161 274.599838  0.000e+00
    19.1661    4.71043      1.325 274.599896  0.000e+00
    19.1569    4.70598      1.467 274.599954  0.000e+00
    19.1458    4.70602      1.636 274.600012  0.000e+00
    19.1454    4.70699      1.712 274.600069  0.000e+00
    19.1388    4.70422      2.116 274.600127  0.000e+00
    19.1641    4.70480      2.346 274.600185  0.000e+00
    19.1614    4.70373      2.602 274.600243  0.000e+00
    19.1692    4.70453      2.756 274.600301  0.000e+00
    19.1684    4.70495      3.039 274.600359  0.000e+00
    19.1537    4.70473      3.249 274.600417  0.000e+00
    19.1571    4.70448      3.355 274.600475  0.000e+00
    19.1656    4.70433      3.569 274.600532  0.000e+00
    19.1490    4.70382      3.704 274.600590  0.000e+00
    19.1464    4.70209      3.942 274.600648  0.000e+00
    19.1631    4.70246      4.123 274.600706  0.000e+00
    19.1574    4.70292      4.303 274.600764  0.000e+00
    19.1537    4.70334      4.589 274.600822  0.000e+00
    19.1474    4.70275      4.819 274.600880  0.000e+00
    19.1451    4.70262      4.841 274.600937  0.000e+00
    19.1444    4.70248      4.495 274.600995  0.000e+00
    19.1415    4.70243      4.308 274.601053  0.000e+00
    19.1409    4.70215      3.994 274.601111  0.000e+00
    19.1455    4.70223      3.605 274.601169  0.000e+00
    19.1393    4.70196      3.309 274.601227  0.000e+00
    19.1398    4.70193      3.012 274.601285  0.000e+00
    19.1408    4.70181      2.647 274.601343  0.000e+00
    19.1419    4.70152      2.239 274.601400  0.000e+00
    19.1495    4.70165      1.699 274.601458  0.000e+00
    19.1579    4.70176      1.197 274.601516  0.000e+00
    19.1623    4.70215      0.663 274.601574  0.000e+00
    19.1568    4.70207      0.167 274.601632  0.000e+00
    19.1925    0.70102     -0.193 274.601690  0.000e+00
    19.6284    0.04561     -0.206 274.601748  0.000e+00
    19.8515    0.10590     -0.191 274.601806  0.000e+00
    20.2072    0.06542     -0.191 274.601863  0.000e+00
    20.2523    0.03718     -0.189 274.601921  0.000e+00
    20.2871    0.02519     -0.197 274.601979  0.000e+00
    20.3658    0.01520     -0.197 274.602037  0.000e+00
    20.5432    0.01168     -0.195 274.602095  0.000e+00
    20.6741    0.01112     -0.197 274.602153  0.000e+00
    20.7993    0.01226     -0.197 274.602211  0.000e+00
    20.7496    0.01526     -0.197 274.602269  0.000e+00
