data/raw/01-10-17/1-10-2017_processed.cnv
* Sea-Bird SBE37 Data File:
* FileName = D:\Prof-Arnaldo\CTD-LAGOA_1_10_2017\1-10-2017.asc
* Software Version 1.59
* Temperature SN = 2603
* Conductivity SN = 2603
* System UpLoad Time = Oct 01 2017 18:04:55
* ds
* SBE37-SM V 2.2  SERIAL NO. 2603    01 Oct 2017  17:59:48
# nquan = 9                                 
# nvalues = 3116                        
# units = metric
# name 0 = t090: temperature, ITS-90 [deg C]
# name 1 = c0S/m: conductivity [S/m]
# name 2 = pr: pressure [db]
# name 3 = timeJ: time [julian days]
# name 4 = potemp090C: Potential Temperature [ITS-90, deg C]
# name 5 = sal00: Salinity, Practical [PSU]
# name 6 = depSM: Depth [salt water, m], lat = 28.48
# name 7 = sigma-t00: Density [sigma-t, kg/m^3 ]
# name 8 = flag: flag
# span 0 =    18.9190,    29.0011       
# span 1 =   0.000080,   4.759860       
# span 2 =     -0.259,      8.891       
# span 3 = 274.569271, 274.749549       
# span 4 =    18.9179,    29.0011       
# span 5 =     0.0104,    35.4087       
# span 6 =     -0.257,      8.831       
# span 7 =    -4.0439,    25.2819       
# span 8 = 0.0000e+00, 0.0000e+00       
# interval = seconds: 5
# start_time = Oct 01 2017 13:39:45
# bad_flag = -9.990e-29
*END*
[from data line 2721]
    21.6893   0.014240     -0.227 274.726748    21.6893     0.0749     -0.225    -2.1009 0.0000e+00
    21.6279   0.013570     -0.229 274.726806    21.6279     0.0717     -0.227    -2.0897 0.0000e+00
    21.7584   0.012630     -0.227 274.726863    21.7584     0.0669     -0.225    -2.1225 0.0000e+00
    21.7993   0.011740     -0.229 274.726921    21.7993     0.0625     -0.227    -2.1351 0.0000e+00
    21.6845   0.011110     -0.229 274.726979    21.6845     0.0596     -0.227    -2.1116 0.0000e+00
    21.6085   0.010650     -0.227 274.727037    21.6085     0.0574     -0.225    -2.0962 0.0000e+00
    21.6640   0.010150     -0.227 274.727095    21.6640     0.0549     -0.225    -2.1105 0.0000e+00
    21.7261   0.009810     -0.227 274.727153    21.7261     0.0532     -0.225    -2.1257 0.0000e+00
    21.6063   0.009490     -0.224 274.727211    21.6063     0.0518     -0.223    -2.1000 0.0000e+00
    21.7115   0.009010     -0.227 274.727269    21.7115     0.0494     -0.225    -2.1254 0.0000e+00
    21.8825   0.008750     -0.227 274.727326    21.8825     0.0480     -0.225    -2.1649 0.0000e+00
    22.0970   0.008620     -0.225 274.727384    22.0970     0.0473     -0.223    -2.2141 0.0000e+00
    22.2082   0.008420     -0.224 274.727442    22.2082     0.0463     -0.223    -2.2403 0.0000e+00
    22.3076   0.008390     -0.227 274.727500    22.3076     0.0461     -0.225    -2.2633 0.0000e+00
    22.3586   0.008340     -0.227 274.727558    22.3586     0.0458     -0.225    -2.2753 0.0000e+00
    22.4253   0.008360     -0.229 274.727616    22.4253     0.0459     -0.227    -2.2906 0.0000e+00
    22.4712   0.008370     -0.225 274.727674    22.4712     0.0459     -0.223    -2.3012 0.0000e+00
    22.5707   0.008390     -0.218 274.727731    22.5707     0.0459     -0.217    -2.3243 0.0000e+00
    22.6769   0.008420     -0.218 274.727789    22.6769     0.0460     -0.217    -2.3490 0.0000e+00
    22.8026   0.008480     -0.220 274.727847    22.8026     0.0462     -0.219    -2.3784 0.0000e+00
    22.8765   0.008510     -0.218 274.727905    22.8765     0.0463     -0.217    -2.3957 0.0000e+00
    22.9107   0.008560     -0.220 274.727963    22.9107     0.0465     -0.219    -2.4036 0.0000e+00
    22.9715   0.008460     -0.222 274.728021    22.9715     0.0460     -0.221    -2.4184 0.0000e+00
    23.0422   0.009940     -0.218 274.728079    23.0422     0.0528     -0.217    -2.4299 0.0000e+00
    23.1018   0.014300     -0.220 274.728137    23.1018     0.0734     -0.219    -2.4284 0.0000e+00
    23.1724   0.012940     -0.222 274.728194    23.1724     0.0669     -0.221    -2.4503 0.0000e+00
    23.2125   0.012300     -0.220 274.728252    23.2125     0.0638     -0.219    -2.4622 0.0000e+00
    23.3443   0.011900     -0.224 274.728310    23.3443     0.0618     -0.223    -2.4953 0.0000e+00
    23.4323   0.011700     -0.225 274.728368    23.4323     0.0608     -0.223    -2.5173 0.0000e+00
    23.5030   0.011360     -0.222 274.728426    23.5030     0.0591     -0.221    -2.5356 0.0000e+00
    23.5629   0.011250     -0.227 274.728484    23.5629     0.0585     -0.225    -2.5506 0.0000e+00
    23.6036   0.011270     -0.224 274.728542    23.6036     0.0586     -0.223    -2.5604 0.0000e+00
    23.6035   0.011390     -0.222 274.728600    23.6035     0.0591     -0.221    -2.5600 0.0000e+00
    23.5100   0.011260     -0.225 274.728657    23.5100     0.0586     -0.223    -2.5377 0.0000e+00
    23.4841   0.011080     -0.224 274.728715    23.4841     0.0578     -0.223    -2.5320 0.0000e+00
    23.4908   0.010880     -0.224 274.728773    23.4908     0.0569     -0.223    -2.5344 0.0000e+00
    23.5500   0.010830     -0.229 274.728831    23.5500     0.0566     -0.227    -2.5489 0.0000e+00
    23.5934   0.010740     -0.224 274.728889    23.5934     0.0561     -0.223    -2.5598 0.0000e+00
    23.5774   0.010490     -0.224 274.728947    23.5774     0.0550     -0.223    -2.5568 0.0000e+00
    23.6020   0.010320     -0.227 274.729005    23.6020     0.0542     -0.225    -2.5634 0.0000e+00
    23.5779   0.010150     -0.229 274.729063    23.5779     0.0534     -0.227    -2.5581 0.0000e+00
    23.5846   0.010060     -0.224 274.729120    23.5846     0.0530     -0.223    -2.5600 0.0000e+00
    23.5848   0.009980     -0.222 274.729178    23.5848     0.0526     -0.221    -2.5604 0.0000e+00
    23.5687   0.009850     -0.225 274.729236    23.5687     0.0520     -0.223    -2.5569 0.0000e+00
    23.6381   0.009760     -0.224 274.729294    23.6381     0.0516     -0.223    -2.5741 0.0000e+00
    23.6898   0.009640     -0.225 274.729352    23.6898     0.0510     -0.223    -2.5872 0.0000e+00
    23.6861   0.009520     -0.227 274.729410    23.6861     0.0504     -0.225    -2.5867 0.0000e+00
    23.7085   0.009410     -0.229 274.729468    23.7085     0.0499     -0.227    -2.5925 0.0000e+00
    23.6879   0.009330     -0.229 274.729525    23.6879     0.0496     -0.227    -2.5878 0.0000e+00
    23.6118   0.009310     -0.227 274.729583    23.6118     0.0495     -0.225    -2.5693 0.0000e+00
    23.5399   0.009280     -0.232 274.729641    23.5399     0.0494     -0.230    -2.5519 0.0000e+00
    23.5499   0.009210     -0.227 274.729699    23.5499     0.0491     -0.225    -2.5546 0.0000e+00
    23.5883   0.009230     -0.227 274.729757    23.5883     0.0492     -0.225    -2.5639 0.0000e+00
    23.5312   0.009220     -0.227 274.729815    23.5312     0.0492     -0.225    -2.5500 0.0000e+00
    23.5080   0.009230     -0.231 274.729873    23.5080     0.0492     -0.229    -2.5443 0.0000e+00
    23.4724   0.009250     -0.227 274.729931    23.4724     0.0493     -0.225    -2.5356 0.0000e+00
    23.4382   0.009260     -0.222 274.729988    23.4382     0.0494     -0.221    -2.5273 0.0000e+00
    23.4083   0.009240     -0.225 274.730046    23.4083     0.0493     -0.223    -2.5202 0.0000e+00
    23.3554   0.009300     -0.225 274.730104    23.3554     0.0496     -0.223    -2.5072 0.0000e+00
    23.3035   0.009250     -0.231 274.730162    23.3035     0.0495     -0.229    -2.4949 0.0000e+00
    23.2943   0.009320     -0.225 274.730220    23.2943     0.0498     -0.223    -2.4924 0.0000e+00
    23.2049   0.009350     -0.224 274.730278    23.2049     0.0500     -0.223    -2.4709 0.0000e+00
    23.1592   0.009210     -0.231 274.730336    23.1592     0.0494     -0.229    -2.4604 0.0000e+00
    23.1476   0.009130     -0.231 274.730394    23.1476     0.0490     -0.229    -2.4579 0.0000e+00
    23.1221   0.009130     -0.231 274.730451    23.1221     0.0490     -0.229    -2.4518 0.0000e+00
    23.1023   0.008970     -0.224 274.730509    23.1023     0.0483     -0.223    -2.4477 0.0000e+00
    23.1113   0.008800     -0.227 274.730567    23.1113     0.0475     -0.225    -2.4504 0.0000e+00
    23.1081   0.008810     -0.234 274.730625    23.1081     0.0475     -0.232    -2.4496 0.0000e+00
    23.1808   0.008840     -0.241 274.730683    23.1808     0.0476     -0.239    -2.4669 0.0000e+00
    23.2578   0.009150     -0.240 274.730741    23.2578     0.0490     -0.238    -2.4842 0.0000e+00
    23.3030   0.009580     -0.229 274.730799    23.3030     0.0510     -0.227    -2.4936 0.0000e+00
    23.3602   0.009790     -0.236 274.730856    23.3602     0.0519     -0.234    -2.5066 0.0000e+00
    23.4680   0.009920     -0.234 274.730914    23.4680     0.0524     -0.232    -2.5322 0.0000e+00
    23.5835   0.010130     -0.232 274.730972    23.5835     0.0533     -0.230    -2.5595 0.0000e+00
    23.5986   0.010150     -0.232 274.731030    23.5986     0.0534     -0.230    -2.5631 0.0000e+00
    23.6078   0.010210     -0.238 274.731088    23.6078     0.0537     -0.236    -2.5652 0.0000e+00
    23.5287   0.010300     -0.236 274.731146    23.5287     0.0541     -0.234    -2.5456 0.0000e+00
    23.4334   0.010490     -0.238 274.731204    23.4334     0.0551     -0.236    -2.5218 0.0000e+00
    23.3804   0.010690     -0.231 274.731262    23.3804     0.0561     -0.229    -2.5083 0.0000e+00
    23.4400   0.010680     -0.231 274.731319    23.4400     0.0560     -0.229    -2.5228 0.0000e+00
    23.4611   0.010640     -0.234 274.731377    23.4611     0.0558     -0.232    -2.5280 0.0000e+00
    23.4731   0.010750     -0.240 274.731435    23.4731     0.0563     -0.238    -2.5305 0.0000e+00
    23.4880   0.010730     -0.236 274.731493    23.4880     0.0562     -0.234    -2.5342 0.0000e+00
    23.4619   0.010620     -0.234 274.731551    23.4619     0.0557     -0.232    -2.5283 0.0000e+00
    23.4890   0.010610     -0.234 274.731609    23.4890     0.0556     -0.232    -2.5349 0.0000e+00
    23.5429   0.010380     -0.240 274.731667    23.5429     0.0545     -0.238    -2.5488 0.0000e+00
    23.5514   0.010370     -0.234 274.731725    23.5514     0.0545     -0.232    -2.5509 0.0000e+00
    23.5746   0.010230     -0.240 274.731782    23.5746     0.0538     -0.238    -2.5570 0.0000e+00
    23.5879   0.010330     -0.238 274.731840    23.5879     0.0542     -0.236    -2.5599 0.0000e+00
    23.5268   0.010230     -0.238 274.731898    23.5268     0.0538     -0.236    -2.5454 0.0000e+00
    23.5385   0.010180     -0.240 274.731956    23.5385     0.0536     -0.238    -2.5484 0.0000e+00
    23.6155   0.010170     -0.240 274.732014    23.6155     0.0535     -0.238    -2.5672 0.0000e+00
    23.6672   0.010180     -0.234 274.732072    23.6672     0.0535     -0.232    -2.5798 0.0000e+00
    23.6790   0.010030     -0.238 274.732130    23.6790     0.0528     -0.236    -2.5832 0.0000e+00
    23.6412   0.010010     -0.236 274.732188    23.6412     0.0527     -0.234    -2.5740 0.0000e+00
    23.6118   0.009900     -0.231 274.732245    23.6118     0.0522     -0.229    -2.5672 0.0000e+00
    23.5128   0.009820     -0.240 274.732303    23.5128     0.0519     -0.238    -2.5434 0.0000e+00
    23.4923   0.009730     -0.238 274.732361    23.4923     0.0515     -0.236    -2.5388 0.0000e+00
    23.4723   0.009740     -0.240 274.732419    23.4723     0.0516     -0.238    -2.5339 0.0000e+00
    23.4436   0.009750     -0.234 274.732477    23.4436     0.0517     -0.232    -2.5269 0.0000e+00
    23.4138   0.009670     -0.238 274.732535    23.4138     0.0513     -0.236    -2.5200 0.0000e+00
    23.3829   0.009510     -0.241 274.732593    23.3829     0.0506     -0.239    -2.5131 0.0000e+00
    23.3862   0.009330     -0.232 274.732650    23.3862     0.0498     -0.230    -2.5145 0.0000e+00
    23.4019   0.009320     -0.240 274.732708    23.4019     0.0497     -0.238    -2.5183 0.0000e+00
    23.3737   0.009240     -0.240 274.732766    23.3737     0.0494     -0.238    -2.5118 0.0000e+00
    23.3589   0.009300     -0.234 274.732824    23.3589     0.0496     -0.232    -2.5080 0.0000e+00
    23.3456   0.009230     -0.232 274.732882    23.3456     0.0493     -0.230    -2.5051 0.0000e+00
    23.3882   0.008940     -0.236 274.732940    23.3882     0.0480     -0.234    -2.5164 0.0000e+00
    23.3932   0.008790     -0.234 274.732998    23.3932     0.0473     -0.232    -2.5181 0.0000e+00
    23.4619   0.008440     -0.229 274.733056    23.4619     0.0456     -0.227    -2.5359 0.0000e+00
    23.4566   0.008410     -0.229 274.733113    23.4566     0.0455     -0.227    -2.5348 0.0000e+00
    23.3201   0.008340     -0.231 274.733171    23.3201     0.0453     -0.229    -2.5021 0.0000e+00
    23.1526   0.008140     -0.254 274.733229    23.1526     0.0444     -0.252    -2.4626 0.0000e+00
    23.0119   0.007990     -0.249 274.733287    23.0119     0.0438     -0.247    -2.4296 0.0000e+00
    22.9147   0.007680     -0.245 274.733345    22.9147     0.0424     -0.243    -2.4076 0.0000e+00
    22.5526   2.825510     -0.152 274.733403    22.5526    18.3614     -0.151    11.4834 0.0000e+00
    21.7001   4.060870     -0.031 274.733461    21.7001    27.9550     -0.031    18.9552 0.0000e+00
    21.6860   4.063350      0.008 274.733519    21.6860    27.9831      0.008    18.9803 0.0000e+00
    21.6837   4.063540      0.010 274.733576    21.6837    27.9860      0.010    18.9831 0.0000e+00
    21.6830   4.054220      0.059 274.733634    21.6830    27.9151      0.059    18.9295 0.0000e+00
    21.6772   4.054650      0.057 274.733692    21.6772    27.9221      0.057    18.9364 0.0000e+00
    21.6726   4.053000      0.059 274.733750    21.6726    27.9124      0.059    18.9303 0.0000e+00
    21.6668   4.051400      0.075 274.733808    21.6668    27.9039      0.074    18.9254 0.0000e+00
    21.6561   4.053580      0.023 274.733866    21.6561    27.9275      0.023    18.9462 0.0000e+00
    21.6467   4.053640     -0.042 274.733924    21.6467    27.9341     -0.042    18.9536 0.0000e+00
    21.6320   4.051780     -0.020 274.733981    21.6320    27.9293     -0.020    18.9539 0.0000e+00
    21.6315   4.048300      0.005 274.734039    21.6315    27.9029      0.005    18.9341 0.0000e+00
    21.6285   4.045810      0.046 274.734097    21.6285    27.8858      0.046    18.9219 0.0000e+00
    21.6089   4.046560      0.192 274.734155    21.6089    27.9041      0.191    18.9410 0.0000e+00
    21.6177   4.078060      0.237 274.734213    21.6177    28.1402      0.235    19.1175 0.0000e+00
    21.5664   4.126720      0.348 274.734271    21.5663    28.5480      0.346    19.4403 0.0000e+00
    21.5345   4.194940      0.374 274.734329    21.5344    29.0956      0.371    19.8639 0.0000e+00
    21.1267   4.190740      0.429 274.734387    21.1266    29.3399      0.426    20.1578 0.0000e+00
    20.6707   4.413740      0.717 274.734444    20.6706    31.4206      0.712    21.8588 0.0000e+00
    20.6070   4.536330      0.701 274.734502    20.6069    32.4464      0.696    22.6559 0.0000e+00
    20.6044   4.540820      0.686 274.734560    20.6043    32.4843      0.681    22.6854 0.0000e+00
    20.6022   4.541430      0.731 274.734618    20.6021    32.4908      0.726    22.6910 0.0000e+00
    20.6024   4.550220      0.699 274.734676    20.6023    32.5611      0.694    22.7444 0.0000e+00
    20.6034   4.551080      0.699 274.734734    20.6033    32.5672      0.694    22.7488 0.0000e+00
    20.5995   4.550470      0.697 274.734792    20.5994    32.5653      0.692    22.7483 0.0000e+00
    20.6094   4.551730      0.602 274.734850    20.6093    32.5678      0.598    22.7476 0.0000e+00
    21.2662   4.506360      0.460 274.734907    21.2661    31.7133      0.457    21.9225 0.0000e+00
    21.5291   4.427020      0.345 274.734965    21.5290    30.9006      0.343    21.2346 0.0000e+00
    21.5213   4.115330      0.314 274.735023    21.5212    28.4900      0.312    19.4084 0.0000e+00
    21.2832   4.148500      0.205 274.735081    21.2832    28.9052      0.204    19.7865 0.0000e+00
    21.4958   4.058440      0.097 274.735139    21.4958    28.0687      0.096    19.0959 0.0000e+00
    21.4811   4.066650     -0.006 274.735197    21.4811    28.1415     -0.006    19.1549 0.0000e+00
    21.2659   0.129670     -0.200 274.735255    21.2659     0.7012     -0.199    -1.5300 0.0000e+00
    20.9099   0.102950     -0.224 274.735312    20.9099     0.5557     -0.223    -1.5628 0.0000e+00
    20.7928   0.074250     -0.213 274.735370    20.7928     0.3971     -0.212    -1.6584 0.0000e+00
    20.7968   0.048620     -0.209 274.735428    20.7968     0.2569     -0.208    -1.7661 0.0000e+00
    20.8715   0.037330     -0.216 274.735486    20.8715     0.1961     -0.215    -1.8287 0.0000e+00
    20.9560   0.030190     -0.216 274.735544    20.9560     0.1581     -0.215    -1.8760 0.0000e+00
    20.9428   0.028020     -0.216 274.735602    20.9428     0.1467     -0.215    -1.8817 0.0000e+00
    21.0497   0.025480     -0.216 274.735660    21.0497     0.1332     -0.215    -1.9153 0.0000e+00
    21.0390   0.024750     -0.220 274.735718    21.0390     0.1295     -0.219    -1.9158 0.0000e+00
    21.1127   0.021370     -0.222 274.735775    21.1127     0.1119     -0.221    -1.9453 0.0000e+00
    21.1198   0.019490     -0.220 274.735833    21.1198     0.1022     -0.219    -1.9542 0.0000e+00
    21.1856   0.018320     -0.218 274.735891    21.1856     0.0962     -0.217    -1.9732 0.0000e+00
