data/raw/01-10-17/1-10-2017.asc
* Sea-Bird SBE37 Data File:
* FileName = D:\Prof-Arnaldo\CTD-LAGOA_1_10_2017\1-10-2017.asc
* Software Version 1.59
* Temperature SN = 2603
* Conductivity SN = 2603
* System UpLoad Time = Oct 01 2017 18:04:55
* ds
* SBE37-SM V 2.2  SERIAL NO. 2603    01 Oct 2017  17:59:48
*END*
[from data line 2198]
 22.2587, 0.00952,   -0.207, 01 Oct 2017, 16:42:41
 22.2935, 0.00843,   -0.204, 01 Oct 2017, 16:42:46
 22.3257, 0.00788,   -0.209, 01 Oct 2017, 16:42:51
 22.3639, 0.00739,   -0.204, 01 Oct 2017, 16:42:56
 22.4117, 0.00688,   -0.209, 01 Oct 2017, 16:43:01
 22.4815, 0.00663,   -0.206, 01 Oct 2017, 16:43:06
 22.5453, 0.00645,   -0.211, 01 Oct 2017, 16:43:11
 22.5956, 0.00636,   -0.207, 01 Oct 2017, 16:43:16
 22.6357, 0.00624,   -0.207, 01 Oct 2017, 16:43:21
 22.6851, 0.00611,   -0.211, 01 Oct 2017, 16:43:26
 22.7455, 0.00605,   -0.211, 01 Oct 2017, 16:43:31
 22.7914, 0.00600,   -0.207, 01 Oct 2017, 16:43:36
 22.8309, 0.00597,   -0.209, 01 Oct 2017, 16:43:41
 22.8796, 0.00591,   -0.213, 01 Oct 2017, 16:43:46
 22.9209, 0.00591,   -0.204, 01 Oct 2017, 16:43:51
 22.9586, 0.00592,   -0.215, 01 Oct 2017, 16:43:56
 22.9903, 0.00598,   -0.207, 01 Oct 2017, 16:44:01
 23.0162, 0.00608,   -0.204, 01 Oct 2017, 16:44:06
 23.0389, 0.00668,   -0.213, 01 Oct 2017, 16:44:11
 23.0587, 0.00756,   -0.213, 01 Oct 2017, 16:44:16
 23.0703, 0.00782,   -0.211, 01 Oct 2017, 16:44:21
 23.0835, 0.00771,   -0.207, 01 Oct 2017, 16:44:26
 23.0881, 0.00767,   -0.204, 01 Oct 2017, 16:44:31
 23.0464, 0.00784,   -0.206, 01 Oct 2017, 16:44:36
 23.0515, 0.00769,   -0.204, 01 Oct 2017, 16:44:41
 23.2984, 0.00753,   -0.206, 01 Oct 2017, 16:44:46
 23.4517, 0.00906,   -0.206, 01 Oct 2017, 16:44:51
 23.6210, 0.00964,   -0.215, 01 Oct 2017, 16:44:56
 23.7579, 0.00889,   -0.218, 01 Oct 2017, 16:45:01
 23.6212, 0.02200,   -0.206, 01 Oct 2017, 16:45:06
 23.2062, 0.02113,   -0.209, 01 Oct 2017, 16:45:11
 22.9712, 0.02883,   -0.209, 01 Oct 2017, 16:45:16
 22.8034, 0.02234,   -0.211, 01 Oct 2017, 16:45:21
 22.6723, 0.01792,   -0.191, 01 Oct 2017, 16:45:26
 22.5578, 0.01670,   -0.209, 01 Oct 2017, 16:45:31
 22.5720, 0.01524,   -0.200, 01 Oct 2017, 16:45:36
 22.5208, 0.01468,   -0.206, 01 Oct 2017, 16:45:41
 22.4754, 0.01579,   -0.216, 01 Oct 2017, 16:45:46
 22.4487, 0.01838,   -0.211, 01 Oct 2017, 16:45:51
 22.4907, 0.03248,   -0.229, 01 Oct 2017, 16:45:56
 22.4507, 0.01393,   -0.227, 01 Oct 2017, 16:46:01
 22.3654, 0.01918,   -0.213, 01 Oct 2017, 16:46:06
 22.3379, 0.02093,   -0.232, 01 Oct 2017, 16:46:11
 22.3598, 0.02025,   -0.229, 01 Oct 2017, 16:46:16
 22.3861, 0.04658,   -0.225, 01 Oct 2017, 16:46:21
 22.4085, 0.01369,   -0.222, 01 Oct 2017, 16:46:26
 22.4734, 0.03360,   -0.211, 01 Oct 2017, 16:46:31
 22.4694, 0.01645,   -0.224, 01 Oct 2017, 16:46:36
 22.5192, 0.01576,   -0.220, 01 Oct 2017, 16:46:41
 22.5771, 0.02873,   -0.211, 01 Oct 2017, 16:46:46
 22.5265, 0.02032,   -0.220, 01 Oct 2017, 16:46:51
 22.5421, 0.01711,   -0.216, 01 Oct 2017, 16:46:56
 22.5110, 0.01427,   -0.213, 01 Oct 2017, 16:47:01
 22.6097, 0.01172,   -0.211, 01 Oct 2017, 16:47:06
 22.6465, 0.01077,   -0.209, 01 Oct 2017, 16:47:11
 22.6721, 0.01034,   -0.218, 01 Oct 2017, 16:47:16
 22.7193, 0.01043,   -0.218, 01 Oct 2017, 16:47:21
 22.7544, 0.01006,   -0.211, 01 Oct 2017, 16:47:26
 22.7701, 0.01004,   -0.222, 01 Oct 2017, 16:47:31
 22.7576, 0.01008,   -0.215, 01 Oct 2017, 16:47:36
 22.7970, 0.00994,   -0.207, 01 Oct 2017, 16:47:41
 22.8660, 0.00943,   -0.218, 01 Oct 2017, 16:47:46
 22.8778, 0.00921,   -0.209, 01 Oct 2017, 16:47:51
 23.0189, 0.00910,   -0.234, 01 Oct 2017, 16:47:56
 23.1017, 0.00900,   -0.229, 01 Oct 2017, 16:48:01
 23.1269, 0.00803,   -0.227, 01 Oct 2017, 16:48:06
 23.0567, 0.00776,   -0.234, 01 Oct 2017, 16:48:11
 23.1337, 0.56926,   -0.222, 01 Oct 2017, 16:48:16
 22.4019, 4.01334,   -0.099, 01 Oct 2017, 16:48:21
 22.3798, 4.01107,    0.028, 01 Oct 2017, 16:48:26
 22.3053, 4.00796,    0.122, 01 Oct 2017, 16:48:31
 22.3437, 4.01084,    0.107, 01 Oct 2017, 16:48:36
 22.3864, 4.01034,    0.068, 01 Oct 2017, 16:48:41
 22.3815, 4.01059,   -0.011, 01 Oct 2017, 16:48:46
 22.3682, 4.01062,    0.017, 01 Oct 2017, 16:48:51
 22.3035, 4.01069,    0.001, 01 Oct 2017, 16:48:56
 22.3533, 4.01033,    0.062, 01 Oct 2017, 16:49:01
 22.4046, 4.01051,    0.059, 01 Oct 2017, 16:49:06
 22.4105, 4.01051,    0.039, 01 Oct 2017, 16:49:11
 22.4088, 4.01034,   -0.189, 01 Oct 2017, 16:49:16
 22.3862, 4.01015,    0.066, 01 Oct 2017, 16:49:21
 22.3949, 4.01012,    0.118, 01 Oct 2017, 16:49:26
 22.4121, 4.01025,    0.116, 01 Oct 2017, 16:49:31
 22.3174, 4.01013,    0.289, 01 Oct 2017, 16:49:36
 22.2878, 4.00921,    0.472, 01 Oct 2017, 16:49:41
 22.2224, 4.00771,    0.611, 01 Oct 2017, 16:49:46
 22.2191, 4.00843,    0.874, 01 Oct 2017, 16:49:51
 22.2278, 4.00806,    1.021, 01 Oct 2017, 16:49:56
 22.2075, 4.00739,    1.046, 01 Oct 2017, 16:50:01
 22.2013, 4.00681,    1.373, 01 Oct 2017, 16:50:06
 22.1987, 4.00678,    1.485, 01 Oct 2017, 16:50:11
 22.2009, 4.00772,    1.580, 01 Oct 2017, 16:50:16
 22.1972, 4.00843,    1.573, 01 Oct 2017, 16:50:21
 22.1919, 4.00649,    1.451, 01 Oct 2017, 16:50:26
 22.2467, 4.00613,    1.253, 01 Oct 2017, 16:50:31
 22.2424, 4.00586,    1.019, 01 Oct 2017, 16:50:36
 22.2950, 4.00583,    0.958, 01 Oct 2017, 16:50:41
 22.3310, 4.00647,    0.474, 01 Oct 2017, 16:50:46
 22.3796, 4.00628,    0.257, 01 Oct 2017, 16:50:51
 22.3921, 4.00621,   -0.074, 01 Oct 2017, 16:50:56
 22.3449, 0.47653,   -0.218, 01 Oct 2017, 16:51:01
 21.9601, 0.17755,   -0.227, 01 Oct 2017, 16:51:06
 22.0617, 0.06695,   -0.211, 01 Oct 2017, 16:51:11
 22.2278, 0.06699,   -0.218, 01 Oct 2017, 16:51:16
 22.4695, 0.05181,   -0.222, 01 Oct 2017, 16:51:21
 22.6301, 0.03795,   -0.220, 01 Oct 2017, 16:51:26
 22.6793, 0.03193,   -0.220, 01 Oct 2017, 16:51:31
 22.6207, 0.02665,   -0.222, 01 Oct 2017, 16:51:36
 22.6461, 0.02472,   -0.220, 01 Oct 2017, 16:51:41
 22.7884, 0.02329,   -0.220, 01 Oct 2017, 16:51:46
 22.8840, 0.02198,   -0.218, 01 Oct 2017, 16:51:51
 22.9153, 0.02062,   -0.220, 01 Oct 2017, 16:51:56
 23.0185, 0.01913,   -0.222, 01 Oct 2017, 16:52:01
 23.1019, 0.01830,   -0.222, 01 Oct 2017, 16:52:06
 23.1850, 0.01778,   -0.220, 01 Oct 2017, 16:52:11
 23.2125, 0.01742,   -0.220, 01 Oct 2017, 16:52:16
 23.2613, 0.01675,   -0.224, 01 Oct 2017, 16:52:21
 23.3313, 0.01617,   -0.224, 01 Oct 2017, 16:52:26
 23.4137, 0.01541,   -0.224, 01 Oct 2017, 16:52:31
 23.4835, 0.01473,   -0.224, 01 Oct 2017, 16:52:36
 23.5682, 0.01423,   -0.224, 01 Oct 2017, 16:52:41
 23.6326, 0.01393,   -0.222, 01 Oct 2017, 16:52:46
 23.6938, 0.01268,   -0.222, 01 Oct 2017, 16:52:51
 23.7847, 0.01049,   -0.222, 01 Oct 2017, 16:52:56
 23.9078, 0.01021,   -0.224, 01 Oct 2017, 16:53:01
 23.9110, 0.00980,   -0.224, 01 Oct 2017, 16:53:06
 23.7579, 0.00748,   -0.224, 01 Oct 2017, 16:53:11
 23.6449, 0.00711,   -0.222, 01 Oct 2017, 16:53:16
 23.5858, 0.00668,   -0.222, 01 Oct 2017, 16:53:21
 23.4672, 0.00645,   -0.222, 01 Oct 2017, 16:53:26
 23.4269, 0.00641,   -0.222, 01 Oct 2017, 16:53:31
 23.4855, 0.00638,   -0.222, 01 Oct 2017, 16:53:36
 23.5581, 0.00645,   -0.225, 01 Oct 2017, 16:53:41
 23.5821, 0.00709,   -0.222, 01 Oct 2017, 16:53:46
 23.5730, 0.00763,   -0.215, 01 Oct 2017, 16:53:51
 23.5652, 0.00968,   -0.207, 01 Oct 2017, 16:53:56
 23.5543, 0.01796,   -0.220, 01 Oct 2017, 16:54:01
 23.5650, 0.01243,   -0.222, 01 Oct 2017, 16:54:06
 23.4984, 0.01364,   -0.227, 01 Oct 2017, 16:54:11
 23.4673, 0.02200,   -0.227, 01 Oct 2017, 16:54:16
 23.4379, 0.01696,   -0.224, 01 Oct 2017, 16:54:21
 23.4681, 0.01037,   -0.222, 01 Oct 2017, 16:54:26
 23.4994, 0.00923,   -0.227, 01 Oct 2017, 16:54:31
 23.5121, 0.00852,   -0.216, 01 Oct 2017, 16:54:36
 23.6156, 0.00802,   -0.222, 01 Oct 2017, 16:54:41
 23.7813, 0.00761,   -0.227, 01 Oct 2017, 16:54:46
 23.9760, 0.00732,   -0.225, 01 Oct 2017, 16:54:51
 24.0536, 0.00707,   -0.225, 01 Oct 2017, 16:54:56
 24.0657, 0.00677,   -0.220, 01 Oct 2017, 16:55:01
 24.1204, 0.00662,   -0.222, 01 Oct 2017, 16:55:06
 24.2152, 0.00640,   -0.220, 01 Oct 2017, 16:55:11
 24.2118, 0.00630,   -0.231, 01 Oct 2017, 16:55:16
 23.8402, 1.61583,   -0.175, 01 Oct 2017, 16:55:21
 22.2163, 4.00136,   -0.015, 01 Oct 2017, 16:55:26
 22.2142, 4.00211,    0.167, 01 Oct 2017, 16:55:31
 22.2138, 4.00078,    0.167, 01 Oct 2017, 16:55:36
 22.2137, 3.99904,    0.147, 01 Oct 2017, 16:55:41
 22.2143, 3.99819,    0.152, 01 Oct 2017, 16:55:46
 22.2147, 3.99640,    0.151, 01 Oct 2017, 16:55:51
 22.2148, 3.99679,    0.197, 01 Oct 2017, 16:55:56
 22.2166, 3.99488,    0.165, 01 Oct 2017, 16:56:01
 22.2178, 3.99411,    0.343, 01 Oct 2017, 16:56:06
 22.2182, 3.99419,    0.392, 01 Oct 2017, 16:56:11
 22.2187, 3.99296,    0.411, 01 Oct 2017, 16:56:16
 22.2196, 3.99259,    0.478, 01 Oct 2017, 16:56:21
 22.2207, 3.99267,    0.672, 01 Oct 2017, 16:56:26
 22.2192, 3.99236,    0.721, 01 Oct 2017, 16:56:31
 22.2188, 3.99222,    0.767, 01 Oct 2017, 16:56:36
 22.2173, 3.99241,    0.883, 01 Oct 2017, 16:56:41
 22.2169, 3.99220,    1.093, 01 Oct 2017, 16:56:46
 22.2170, 3.99231,    1.102, 01 Oct 2017, 16:56:51
 22.2175, 3.99266,    1.091, 01 Oct 2017, 16:56:56
 22.2177, 3.99225,    1.005, 01 Oct 2017, 16:57:01
 22.2178, 3.99224,    0.953, 01 Oct 2017, 16:57:06
 22.2192, 3.99206,    0.829, 01 Oct 2017, 16:57:11
 22.2219, 3.99149,    0.532, 01 Oct 2017, 16:57:16
 22.2236, 3.99193,    0.332, 01 Oct 2017, 16:57:21
 22.2242, 3.99186,   -0.094, 01 Oct 2017, 16:57:26
 21.9085, 0.14064,   -0.209, 01 Oct 2017, 16:57:31
 21.5726, 0.06314,   -0.232, 01 Oct 2017, 16:57:36
 21.6273, 0.04977,   -0.211, 01 Oct 2017, 16:57:41
 21.8387, 0.03236,   -0.224, 01 Oct 2017, 16:57:46
 22.0712, 0.02488,   -0.222, 01 Oct 2017, 16:57:51
 22.2567, 0.02087,   -0.224, 01 Oct 2017, 16:57:56
 22.3994, 0.01819,   -0.224, 01 Oct 2017, 16:58:01
 22.4287, 0.01465,   -0.222, 01 Oct 2017, 16:58:06
 22.3978, 0.01099,   -0.224, 01 Oct 2017, 16:58:11
 22.4867, 0.01018,   -0.222, 01 Oct 2017, 16:58:16
 22.5476, 0.00960,   -0.222, 01 Oct 2017, 16:58:21
 22.6323, 0.00915,   -0.224, 01 Oct 2017, 16:58:26
 22.7243, 0.00878,   -0.225, 01 Oct 2017, 16:58:31
 22.8192, 0.00844,   -0.224, 01 Oct 2017, 16:58:36
 22.9470, 0.00817,   -0.222, 01 Oct 2017, 16:58:41
 23.0390, 0.00793,   -0.224, 01 Oct 2017, 16:58:46
 23.1663, 0.00776,   -0.224, 01 Oct 2017, 16:58:51
 23.2576, 0.00762,   -0.225, 01 Oct 2017, 16:58:56
 23.3490, 0.00746,   -0.225, 01 Oct 2017, 16:59:01
 23.3817, 0.00735,   -0.224, 01 Oct 2017, 16:59:06
 23.4683, 0.00724,   -0.224, 01 Oct 2017, 16:59:11
 23.5001, 0.00718,   -0.224, 01 Oct 2017, 16:59:16
 23.5667, 0.00713,   -0.225, 01 Oct 2017, 16:59:21
 23.5592, 0.00711,   -0.227, 01 Oct 2017, 16:59:26
 23.6187, 0.00720,   -0.224, 01 Oct 2017, 16:59:31
 23.7196, 0.00958,   -0.225, 01 Oct 2017, 16:59:36
 23.8177, 0.00985,   -0.225, 01 Oct 2017, 16:59:41
 23.8415, 0.00980,   -0.225, 01 Oct 2017, 16:59:46
 23.8860, 0.00977,   -0.225, 01 Oct 2017, 16:59:51
 23.9367, 0.00973,   -0.225, 01 Oct 2017, 16:59:56
 23.9862, 0.00969,   -0.227, 01 Oct 2017, 17:00:01
 24.1056, 0.01418,   -0.225, 01 Oct 2017, 17:00:06
 24.0081, 0.01311,   -0.227, 01 Oct 2017, 17:00:11
 23.9189, 0.01260,   -0.225, 01 Oct 2017, 17:00:16
 23.8574, 0.01238,   -0.225, 01 Oct 2017, 17:00:21
 23.8142, 0.01186,   -0.231, 01 Oct 2017, 17:00:26
 23.8972, 0.01151,   -0.227, 01 Oct 2017, 17:00:31
 23.9065, 0.01115,   -0.227, 01 Oct 2017, 17:00:36
 24.0074, 0.01191,   -0.231, 01 Oct 2017, 17:00:41
 24.1104, 0.01315,   -0.229, 01 Oct 2017, 17:00:46
 24.2231, 0.01241,   -0.225, 01 Oct 2017, 17:00:51
 24.2785, 0.01133,   -0.229, 01 Oct 2017, 17:00:56
 24.3142, 0.01062,   -0.227, 01 Oct 2017, 17:01:01
 24.2662, 0.01026,   -0.232, 01 Oct 2017, 17:01:06
 24.1388, 0.01238,   -0.218, 01 Oct 2017, 17:01:11
 24.0240, 0.01409,   -0.229, 01 Oct 2017, 17:01:16
 23.9294, 0.01591,   -0.224, 01 Oct 2017, 17:01:21
 23.8886, 0.01440,   -0.224, 01 Oct 2017, 17:01:26
 23.8412, 0.01324,   -0.231, 01 Oct 2017, 17:01:31
 23.7970, 0.01218,   -0.225, 01 Oct 2017, 17:01:36
 23.7751, 0.01170,   -0.222, 01 Oct 2017, 17:01:41
 23.7491, 0.01132,   -0.222, 01 Oct 2017, 17:01:46
 23.7377, 0.01099,   -0.222, 01 Oct 2017, 17:01:51
 23.7236, 0.01070,   -0.220, 01 Oct 2017, 17:01:56
 23.7176, 0.01017,   -0.224, 01 Oct 2017, 17:02:01
 23.7140, 0.00973,   -0.225, 01 Oct 2017, 17:02:06
 23.7015, 0.00935,   -0.222, 01 Oct 2017, 17:02:11
 23.6857, 0.00937,   -0.220, 01 Oct 2017, 17:02:16
 23.6646, 0.01006,   -0.224, 01 Oct 2017, 17:02:21
 23.6574, 0.01057,   -0.229, 01 Oct 2017, 17:02:26
 23.6573, 0.01201,   -0.216, 01 Oct 2017, 17:02:31
 23.6551, 0.01217,   -0.222, 01 Oct 2017, 17:02:36
 23.6877, 0.01180,   -0.224, 01 Oct 2017, 17:02:41
 23.6913, 0.01151,   -0.220, 01 Oct 2017, 17:02:46
 23.6760, 0.01123,   -0.227, 01 Oct 2017, 17:02:51
 23.6768, 0.01067,   -0.224, 01 Oct 2017, 17:02:56
 23.6566, 0.01005,   -0.222, 01 Oct 2017, 17:03:01
 23.6526, 0.00972,   -0.222, 01 Oct 2017, 17:03:06
 23.6434, 0.00929,   -0.222, 01 Oct 2017, 17:03:11
 23.6349, 0.00887,   -0.222, 01 Oct 2017, 17:03:16
 23.6283, 0.00854,   -0.225, 01 Oct 2017, 17:03:21
 23.6283, 0.00831,   -0.224, 01 Oct 2017, 17:03:26
 23.6255, 0.00810,   -0.229, 01 Oct 2017, 17:03:31
 23.6348, 0.00793,   -0.225, 01 Oct 2017, 17:03:36
 23.6601, 0.00771,   -0.224, 01 Oct 2017, 17:03:41
 23.6664, 0.00757,   -0.218, 01 Oct 2017, 17:03:46
 23.6778, 0.00752,   -0.229, 01 Oct 2017, 17:03:51
 23.6771, 0.00748,   -0.222, 01 Oct 2017, 17:03:56
 23.6916, 0.00741,   -0.222, 01 Oct 2017, 17:04:01
 23.6884, 0.00728,   -0.220, 01 Oct 2017, 17:04:06
 23.7036, 0.00724,   -0.224, 01 Oct 2017, 17:04:11
 23.7113, 0.00713,   -0.225, 01 Oct 2017, 17:04:16
 23.7289, 0.00714,   -0.227, 01 Oct 2017, 17:04:21
 23.7470, 0.00715,   -0.220, 01 Oct 2017, 17:04:26
 23.7298, 0.00707,   -0.222, 01 Oct 2017, 17:04:31
 23.7372, 0.00693,   -0.227, 01 Oct 2017, 17:04:36
 23.7593, 0.00680,   -0.225, 01 Oct 2017, 17:04:41
 23.7950, 0.00669,   -0.225, 01 Oct 2017, 17:04:46
 23.7921, 0.00663,   -0.225, 01 Oct 2017, 17:04:51
 23.7822, 0.00659,   -0.225, 01 Oct 2017, 17:04:56
 23.7819, 0.00640,   -0.222, 01 Oct 2017, 17:05:01
 23.8263, 0.00558,   -0.224, 01 Oct 2017, 17:05:06
 23.8070, 0.00552,   -0.222, 01 Oct 2017, 17:05:11
 23.8104, 0.00550,   -0.225, 01 Oct 2017, 17:05:16
 23.8072, 0.00541,   -0.222, 01 Oct 2017, 17:05:21
 23.8453, 0.00527,   -0.222, 01 Oct 2017, 17:05:26
 23.8688, 0.00518,   -0.222, 01 Oct 2017, 17:05:31
 23.8922, 0.00511,   -0.222, 01 Oct 2017, 17:05:36
 23.9218, 0.00508,   -0.224, 01 Oct 2017, 17:05:41
 23.9055, 0.00501,   -0.220, 01 Oct 2017, 17:05:46
 23.8974, 0.00495,   -0.220, 01 Oct 2017, 17:05:51
 23.9821, 0.00486,   -0.218, 01 Oct 2017, 17:05:56
 23.9368, 0.00478,   -0.218, 01 Oct 2017, 17:06:01
 23.9362, 0.00466,   -0.218, 01 Oct 2017, 17:06:06
 23.8557, 0.00458,   -0.218, 01 Oct 2017, 17:06:11
 23.8042, 0.00450,   -0.216, 01 Oct 2017, 17:06:16
 23.7921, 0.00445,   -0.216, 01 Oct 2017, 17:06:21
 23.8133, 0.00441,   -0.216, 01 Oct 2017, 17:06:26
 23.8613, 0.00437,   -0.216, 01 Oct 2017, 17:06:31
 23.9406, 0.00433,   -0.216, 01 Oct 2017, 17:06:36
 24.0502, 0.00430,   -0.218, 01 Oct 2017, 17:06:41
 24.2125, 0.00423,   -0.215, 01 Oct 2017, 17:06:46
 24.3652, 0.00419,   -0.218, 01 Oct 2017, 17:06:51
 24.5514, 0.00416,   -0.220, 01 Oct 2017, 17:06:56
 24.7529, 0.00414,   -0.218, 01 Oct 2017, 17:07:01
 24.8271, 0.00413,   -0.220, 01 Oct 2017, 17:07:06
 24.7649, 0.00414,   -0.222, 01 Oct 2017, 17:07:11
 24.5909, 0.00422,   -0.229, 01 Oct 2017, 17:07:16
 24.5382, 0.00425,   -0.229, 01 Oct 2017, 17:07:21
 24.4568, 0.00419,   -0.225, 01 Oct 2017, 17:07:26
 24.4227, 1.57522,   -0.193, 01 Oct 2017, 17:07:31
 24.3910, 3.91063,   -0.078, 01 Oct 2017, 17:07:36
 24.3873, 3.90269,   -0.062, 01 Oct 2017, 17:07:41
 24.3878, 3.90209,   -0.056, 01 Oct 2017, 17:07:46
 24.3869, 3.90693,   -0.062, 01 Oct 2017, 17:07:51
 24.3850, 3.90711,   -0.044, 01 Oct 2017, 17:07:56
 24.3798, 3.90581,    0.001, 01 Oct 2017, 17:08:01
 24.3721, 3.90898,    0.070, 01 Oct 2017, 17:08:06
 24.3714, 3.90965,    0.111, 01 Oct 2017, 17:08:11
 24.3766, 3.90654,    0.131, 01 Oct 2017, 17:08:16
 24.3738, 3.90526,    0.190, 01 Oct 2017, 17:08:21
 24.3749, 3.90657,    0.294, 01 Oct 2017, 17:08:26
 24.3747, 3.90800,    0.469, 01 Oct 2017, 17:08:31
 24.3767, 3.90866,    0.419, 01 Oct 2017, 17:08:36
 24.3762, 3.90868,    0.463, 01 Oct 2017, 17:08:41
