data/raw/01-10-17/1-10-2017.cnv
* Sea-Bird SBE37 Data File:
* FileName = D:\Prof-Arnaldo\CTD-LAGOA_1_10_2017\1-10-2017.asc
* Software Version 1.59
* Temperature SN = 2603
* Conductivity SN = 2603
* System UpLoad Time = Oct 01 2017 18:04:55
* ds
* SBE37-SM V 2.2  SERIAL NO. 2603    01 Oct 2017  17:59:48
# nquan = 5
# nvalues =     3116
# units = metric
# name 0 = t090: temperature, ITS-90 [deg C]
# name 1 = c0S/m: conductivity [S/m]
# name 2 = pr: pressure [db]
# name 3 = timeJ: time [julian days]
# name 4 = flag:  0.000e+00
# span 0 = 18.9190, 29.0011           
# span 1 = 0.00008, 4.75986           
# span 2 = -0.259, 8.891              
# span 3 = 274.569271, 274.749549     
# span 4 = 0.000e+00, 0.000e+00       
# interval = seconds: 5
# start_time = Oct 01 2017 13:39:45
# bad_flag = -9.990e-29
*END*
[from data line 2286]
    22.2009    4.00772      1.580 274.701574  0.000e+00
    22.1972    4.00843      1.573 274.701632  0.000e+00
    22.1919    4.00649      1.451 274.701690  0.000e+00
    22.2467    4.00613      1.253 274.701748  0.000e+00
    22.2424    4.00586      1.019 274.701806  0.000e+00
    22.2950    4.00583      0.958 274.701863  0.000e+00
    22.3310    4.00647      0.474 274.701921  0.000e+00
    22.3796    4.00628      0.257 274.701979  0.000e+00
    22.3921    4.00621     -0.074 274.702037  0.000e+00
    22.3449    0.47653     -0.218 274.702095  0.000e+00
    21.9601    0.17755     -0.227 274.702153  0.000e+00
    22.0617    0.06695     -0.211 274.702211  0.000e+00
    22.2278    0.06699     -0.218 274.702269  0.000e+00
    22.4695    0.05181     -0.222 274.702326  0.000e+00
    22.6301    0.03795     -0.220 274.702384  0.000e+00
    22.6793    0.03193     -0.220 274.702442  0.000e+00
    22.6207    0.02665     -0.222 274.702500  0.000e+00
    22.6461    0.02472     -0.220 274.702558  0.000e+00
    22.7884    0.02329     -0.220 274.702616  0.000e+00
    22.8840    0.02198     -0.218 274.702674  0.000e+00
    22.9153    0.02062     -0.220 274.702731  0.000e+00
    23.0185    0.01913     -0.222 274.702789  0.000e+00
    23.1019    0.01830     -0.222 274.702847  0.000e+00
    23.1850    0.01778     -0.220 274.702905  0.000e+00
    23.2125    0.01742     -0.220 274.702963  0.000e+00
    23.2613    0.01675     -0.224 274.703021  0.000e+00
    23.3313    0.01617     -0.224 274.703079  0.000e+00
    23.4137    0.01541     -0.224 274.703137  0.000e+00
    23.4835    0.01473     -0.224 274.703194  0.000e+00
    23.5682    0.01423     -0.224 274.703252  0.000e+00
    23.6326    0.01393     -0.222 274.703310  0.000e+00
    23.6938    0.01268     -0.222 274.703368  0.000e+00
    23.7847    0.01049     -0.222 274.703426  0.000e+00
    23.9078    0.01021     -0.224 274.703484  0.000e+00
    23.9110    0.00980     -0.224 274.703542  0.000e+00
    23.7579    0.00748     -0.224 274.703600  0.000e+00
    23.6449    0.00711     -0.222 274.703657  0.000e+00
    23.5858    0.00668     -0.222 274.703715  0.000e+00
    23.4672    0.00645     -0.222 274.703773  0.000e+00
    23.4269    0.00641     -0.222 274.703831  0.000e+00
    23.4855    0.00638     -0.222 274.703889  0.000e+00
    23.5581    0.00645     -0.225 274.703947  0.000e+00
    23.5821    0.00709     -0.222 274.704005  0.000e+00
    23.5730    0.00763     -0.215 274.704062  0.000e+00
    23.5652    0.00968     -0.207 274.704120  0.000e+00
    23.5543    0.01796     -0.220 274.704178  0.000e+00
    23.5650    0.01243     -0.222 274.704236  0.000e+00
    23.4984    0.01364     -0.227 274.704294  0.000e+00
    23.4673    0.02200     -0.227 274.704352  0.000e+00
    23.4379    0.01696     -0.224 274.704410  0.000e+00
    23.4681    0.01037     -0.222 274.704468  0.000e+00
    23.4994    0.00923     -0.227 274.704525  0.000e+00
    23.5121    0.00852     -0.216 274.704583  0.000e+00
    23.6156    0.00802     -0.222 274.704641  0.000e+00
    23.7813    0.00761     -0.227 274.704699  0.000e+00
    23.9760    0.00732     -0.225 274.704757  0.000e+00
    24.0536    0.00707     -0.225 274.704815  0.000e+00
    24.0657    0.00677     -0.220 274.704873  0.000e+00
    24.1204    0.00662     -0.222 274.704931  0.000e+00
    24.2152    0.00640     -0.220 274.704988  0.000e+00
    24.2118    0.00630     -0.231 274.705046  0.000e+00
    23.8402    1.61583     -0.175 274.705104  0.000e+00
    22.2163    4.00136     -0.015 274.705162  0.000e+00
    22.2142    4.00211      0.167 274.705220  0.000e+00
    22.2138    4.00078      0.167 274.705278  0.000e+00
    22.2137    3.99904      0.147 274.705336  0.000e+00
    22.2143    3.99819      0.152 274.705394  0.000e+00
    22.2147    3.99640      0.151 274.705451  0.000e+00
    22.2148    3.99679      0.197 274.705509  0.000e+00
    22.2166    3.99488      0.165 274.705567  0.000e+00
    22.2178    3.99411      0.343 274.705625  0.000e+00
    22.2182    3.99419      0.392 274.705683  0.000e+00
    22.2187    3.99296      0.411 274.705741  0.000e+00
    22.2196    3.99259      0.478 274.705799  0.000e+00
    22.2207    3.99267      0.672 274.705856  0.000e+00
    22.2192    3.99236      0.721 274.705914  0.000e+00
    22.2188    3.99222      0.767 274.705972  0.000e+00
    22.2173    3.99241      0.883 274.706030  0.000e+00
    22.2169    3.99220      1.093 274.706088  0.000e+00
    22.2170    3.99231      1.102 274.706146  0.000e+00
    22.2175    3.99266      1.091 274.706204  0.000e+00
    22.2177    3.99225      1.005 274.706262  0.000e+00
    22.2178    3.99224      0.953 274.706319  0.000e+00
    22.2192    3.99206      0.829 274.706377  0.000e+00
    22.2219    3.99149      0.532 274.706435  0.000e+00
    22.2236    3.99193      0.332 274.706493  0.000e+00
    22.2242    3.99186     -0.094 274.706551  0.000e+00
    21.9085    0.14064     -0.209 274.706609  0.000e+00
    21.5726    0.06314     -0.232 274.706667  0.000e+00
    21.6273    0.04977     -0.211 274.706725  0.000e+00
    21.8387    0.03236     -0.224 274.706782  0.000e+00
    22.0712    0.02488     -0.222 274.706840  0.000e+00
    22.2567    0.02087     -0.224 274.706898  0.000e+00
    22.3994    0.01819     -0.224 274.706956  0.000e+00
    22.4287    0.01465     -0.222 274.707014  0.000e+00
    22.3978    0.01099     -0.224 274.707072  0.000e+00
    22.4867    0.01018     -0.222 274.707130  0.000e+00
    22.5476    0.00960     -0.222 274.707187  0.000e+00
    22.6323    0.00915     -0.224 274.707245  0.000e+00
    22.7243    0.00878     -0.225 274.707303  0.000e+00
    22.8192    0.00844     -0.224 274.707361  0.000e+00
    22.9470    0.00817     -0.222 274.707419  0.000e+00
    23.0390    0.00793     -0.224 274.707477  0.000e+00
    23.1663    0.00776     -0.224 274.707535  0.000e+00
    23.2576    0.00762     -0.225 274.707593  0.000e+00
    23.3490    0.00746     -0.225 274.707650  0.000e+00
    23.3817    0.00735     -0.224 274.707708  0.000e+00
    23.4683    0.00724     -0.224 274.707766  0.000e+00
    23.5001    0.00718     -0.224 274.707824  0.000e+00
    23.5667    0.00713     -0.225 274.707882  0.000e+00
    23.5592    0.00711     -0.227 274.707940  0.000e+00
    23.6187    0.00720     -0.224 274.707998  0.000e+00
    23.7196    0.00958     -0.225 274.708056  0.000e+00
    23.8177    0.00985     -0.225 274.708113  0.000e+00
    23.8415    0.00980     -0.225 274.708171  0.000e+00
    23.8860    0.00977     -0.225 274.708229  0.000e+00
    23.9367    0.00973     -0.225 274.708287  0.000e+00
    23.9862    0.00969     -0.227 274.708345  0.000e+00
    24.1056    0.01418     -0.225 274.708403  0.000e+00
    24.0081    0.01311     -0.227 274.708461  0.000e+00
    23.9189    0.01260     -0.225 274.708519  0.000e+00
    23.8574    0.01238     -0.225 274.708576  0.000e+00
    23.8142    0.01186     -0.231 274.708634  0.000e+00
    23.8972    0.01151     -0.227 274.708692  0.000e+00
    23.9065    0.01115     -0.227 274.708750  0.000e+00
    24.0074    0.01191     -0.231 274.708808  0.000e+00
    24.1104    0.01315     -0.229 274.708866  0.000e+00
    24.2231    0.01241     -0.225 274.708924  0.000e+00
    24.2785    0.01133     -0.229 274.708981  0.000e+00
    24.3142    0.01062     -0.227 274.709039  0.000e+00
    24.2662    0.01026     -0.232 274.709097  0.000e+00
    24.1388    0.01238     -0.218 274.709155  0.000e+00
    24.0240    0.01409     -0.229 274.709213  0.000e+00
    23.9294    0.01591     -0.224 274.709271  0.000e+00
    23.8886    0.01440     -0.224 274.709329  0.000e+00
    23.8412    0.01324     -0.231 274.709387  0.000e+00
    23.7970    0.01218     -0.225 274.709444  0.000e+00
    23.7751    0.01170     -0.222 274.709502  0.000e+00
    23.7491    0.01132     -0.222 274.709560  0.000e+00
    23.7377    0.01099     -0.222 274.709618  0.000e+00
    23.7236    0.01070     -0.220 274.709676  0.000e+00
    23.7176    0.01017     -0.224 274.709734  0.000e+00
    23.7140    0.00973     -0.225 274.709792  0.000e+00
    23.7015    0.00935     -0.222 274.709850  0.000e+00
    23.6857    0.00937     -0.220 274.709907  0.000e+00
    23.6646    0.01006     -0.224 274.709965  0.000e+00
    23.6574    0.01057     -0.229 274.710023  0.000e+00
    23.6573    0.01201     -0.216 274.710081  0.000e+00
    23.6551    0.01217     -0.222 274.710139  0.000e+00
    23.6877    0.01180     -0.224 274.710197  0.000e+00
    23.6913    0.01151     -0.220 274.710255  0.000e+00
    23.6760    0.01123     -0.227 274.710312  0.000e+00
    23.6768    0.01067     -0.224 274.710370  0.000e+00
    23.6566    0.01005     -0.222 274.710428  0.000e+00
    23.6526    0.00972     -0.222 274.710486  0.000e+00
    23.6434    0.00929     -0.222 274.710544  0.000e+00
    23.6349    0.00887     -0.222 274.710602  0.000e+00
    23.6283    0.00854     -0.225 274.710660  0.000e+00
    23.6283    0.00831     -0.224 274.710718  0.000e+00
    23.6255    0.00810     -0.229 274.710775  0.000e+00
    23.6348    0.00793     -0.225 274.710833  0.000e+00
    23.6601    0.00771     -0.224 274.710891  0.000e+00
    23.6664    0.00757     -0.218 274.710949  0.000e+00
    23.6778    0.00752     -0.229 274.711007  0.000e+00
    23.6771    0.00748     -0.222 274.711065  0.000e+00
    23.6916    0.00741     -0.222 274.711123  0.000e+00
    23.6884    0.00728     -0.220 274.711181  0.000e+00
    23.7036    0.00724     -0.224 274.711238  0.000e+00
    23.7113    0.00713     -0.225 274.711296  0.000e+00
    23.7289    0.00714     -0.227 274.711354  0.000e+00
    23.7470    0.00715     -0.220 274.711412  0.000e+00
    23.7298    0.00707     -0.222 274.711470  0.000e+00
    23.7372    0.00693     -0.227 274.711528  0.000e+00
    23.7593    0.00680     -0.225 274.711586  0.000e+00
    23.7950    0.00669     -0.225 274.711644  0.000e+00
    23.7921    0.00663     -0.225 274.711701  0.000e+00
    23.7822    0.00659     -0.225 274.711759  0.000e+00
    23.7819    0.00640     -0.222 274.711817  0.000e+00
    23.8263    0.00558     -0.224 274.711875  0.000e+00
    23.8070    0.00552     -0.222 274.711933  0.000e+00
    23.8104    0.00550     -0.225 274.711991  0.000e+00
    23.8072    0.00541     -0.222 274.712049  0.000e+00
    23.8453    0.00527     -0.222 274.712106  0.000e+00
    23.8688    0.00518     -0.222 274.712164  0.000e+00
    23.8922    0.00511     -0.222 274.712222  0.000e+00
    23.9218    0.00508     -0.224 274.712280  0.000e+00
    23.9055    0.00501     -0.220 274.712338  0.000e+00
    23.8974    0.00495     -0.220 274.712396  0.000e+00
    23.9821    0.00486     -0.218 274.712454  0.000e+00
    23.9368    0.00478     -0.218 274.712512  0.000e+00
    23.9362    0.00466     -0.218 274.712569  0.000e+00
    23.8557    0.00458     -0.218 274.712627  0.000e+00
    23.8042    0.00450     -0.216 274.712685  0.000e+00
    23.7921    0.00445     -0.216 274.712743  0.000e+00
    23.8133    0.00441     -0.216 274.712801  0.000e+00
    23.8613    0.00437     -0.216 274.712859  0.000e+00
    23.9406    0.00433     -0.216 274.712917  0.000e+00
    24.0502    0.00430     -0.218 274.712975  0.000e+00
    24.2125    0.00423     -0.215 274.713032  0.000e+00
    24.3652    0.00419     -0.218 274.713090  0.000e+00
    24.5514    0.00416     -0.220 274.713148  0.000e+00
    24.7529    0.00414     -0.218 274.713206  0.000e+00
    24.8271    0.00413     -0.220 274.713264  0.000e+00
    24.7649    0.00414     -0.222 274.713322  0.000e+00
    24.5909    0.00422     -0.229 274.713380  0.000e+00
    24.5382    0.00425     -0.229 274.713438  0.000e+00
    24.4568    0.00419     -0.225 274.713495  0.000e+00
    24.4227    1.57522     -0.193 274.713553  0.000e+00
    24.3910    3.91063     -0.078 274.713611  0.000e+00
    24.3873    3.90269     -0.062 274.713669  0.000e+00
    24.3878    3.90209     -0.056 274.713727  0.000e+00
    24.3869    3.90693     -0.062 274.713785  0.000e+00
    24.3850    3.90711     -0.044 274.713843  0.000e+00
    24.3798    3.90581      0.001 274.713900  0.000e+00
    24.3721    3.90898      0.070 274.713958  0.000e+00
    24.3714    3.90965      0.111 274.714016  0.000e+00
    24.3766    3.90654      0.131 274.714074  0.000e+00
    24.3738    3.90526      0.190 274.714132  0.000e+00
    24.3749    3.90657      0.294 274.714190  0.000e+00
    24.3747    3.90800      0.469 274.714248  0.000e+00
    24.3767    3.90866      0.419 274.714306  0.000e+00
    24.3762    3.90868      0.463 274.714363  0.000e+00
    24.3734    3.90980      0.442 274.714421  0.000e+00
    24.3735    3.91011      0.451 274.714479  0.000e+00
    24.3734    3.91066      0.444 274.714537  0.000e+00
    24.3711    3.91299      0.370 274.714595  0.000e+00
    24.3679    3.91264      0.276 274.714653  0.000e+00
    24.3771    3.91449      0.172 274.714711  0.000e+00
    24.3764    3.91395      0.115 274.714769  0.000e+00
    24.3697    3.91401      0.017 274.714826  0.000e+00
    24.3681    3.91417      0.025 274.714884  0.000e+00
    24.3547    3.91448     -0.063 274.714942  0.000e+00
    24.3485    3.91451     -0.126 274.715000  0.000e+00
    23.7994    0.14621     -0.231 274.715058  0.000e+00
    23.4758    0.08312     -0.231 274.715116  0.000e+00
    22.8000    0.02822     -0.249 274.715174  0.000e+00
    22.4031    0.02069     -0.247 274.715231  0.000e+00
    22.2930    0.04091     -0.222 274.715289  0.000e+00
    22.2681    0.02937     -0.224 274.715347  0.000e+00
    22.2635    0.03946     -0.224 274.715405  0.000e+00
    22.2235    0.02902     -0.225 274.715463  0.000e+00
    22.2087    0.02335     -0.224 274.715521  0.000e+00
    22.2249    0.02174     -0.225 274.715579  0.000e+00
    22.1701    0.02036     -0.222 274.715637  0.000e+00
    22.1519    0.01981     -0.224 274.715694  0.000e+00
    22.1667    0.01834     -0.222 274.715752  0.000e+00
    22.2140    0.01688     -0.222 274.715810  0.000e+00
    22.2288    0.01620     -0.224 274.715868  0.000e+00
    22.2742    0.00898     -0.224 274.715926  0.000e+00
    22.3370    0.00877     -0.224 274.715984  0.000e+00
    22.3194    0.00860     -0.222 274.716042  0.000e+00
    22.2215    0.00844     -0.224 274.716100  0.000e+00
    22.2638    0.00820     -0.222 274.716157  0.000e+00
    22.2641    0.00803     -0.222 274.716215  0.000e+00
    22.2368    0.00786     -0.222 274.716273  0.000e+00
    22.2701    0.00771     -0.222 274.716331  0.000e+00
    22.3104    0.00760     -0.224 274.716389  0.000e+00
    22.3729    0.00750     -0.222 274.716447  0.000e+00
    22.3590    0.00738     -0.222 274.716505  0.000e+00
    22.2515    0.00729     -0.222 274.716563  0.000e+00
    22.1665    0.00721     -0.220 274.716620  0.000e+00
    22.1996    0.00712     -0.220 274.716678  0.000e+00
    22.2376    0.00703     -0.220 274.716736  0.000e+00
    22.2473    0.00695     -0.220 274.716794  0.000e+00
    22.2422    0.00688     -0.220 274.716852  0.000e+00
    22.1694    0.00682     -0.218 274.716910  0.000e+00
    22.0759    0.00675     -0.218 274.716968  0.000e+00
    22.0618    0.00670     -0.218 274.717025  0.000e+00
    22.0959    0.00659     -0.220 274.717083  0.000e+00
    22.0596    0.00649     -0.218 274.717141  0.000e+00
    22.0067    0.00642     -0.216 274.717199  0.000e+00
    21.9938    0.00638     -0.215 274.717257  0.000e+00
    21.9424    0.00638     -0.218 274.717315  0.000e+00
    21.9665    0.00640     -0.215 274.717373  0.000e+00
    21.9221    0.00644     -0.218 274.717431  0.000e+00
    21.8464    0.00602     -0.220 274.717488  0.000e+00
    21.7388    0.00601     -0.218 274.717546  0.000e+00
    21.7279    0.00598     -0.216 274.717604  0.000e+00
    21.7478    0.00598     -0.220 274.717662  0.000e+00
    21.7546    0.00602     -0.216 274.717720  0.000e+00
    21.7612    0.00602     -0.222 274.717778  0.000e+00
    21.7741    0.00605     -0.218 274.717836  0.000e+00
    21.8278    0.00610     -0.218 274.717894  0.000e+00
    21.7887    0.00611     -0.220 274.717951  0.000e+00
    21.7259    0.00612     -0.222 274.718009  0.000e+00
