data/raw/01-10-17/1-10-2017.asc
* Sea-Bird SBE37 Data File:
* FileName = D:\Prof-Arnaldo\CTD-LAGOA_1_10_2017\1-10-2017.asc
* Software Version 1.59
* Temperature SN = 2603
* Conductivity SN = 2603
* System UpLoad Time = Oct 01 2017 18:04:55
* ds
* SBE37-SM V 2.2  SERIAL NO. 2603    01 Oct 2017  17:59:48
*END*
[from data line 629]
 21.9943, 0.00523,   -0.206, 01 Oct 2017, 14:31:56
 22.0489, 0.00533,   -0.213, 01 Oct 2017, 14:32:01
 22.0593, 0.00541,   -0.195, 01 Oct 2017, 14:32:06
 22.0436, 0.00547,   -0.209, 01 Oct 2017, 14:32:11
 22.1060, 0.00652,   -0.209, 01 Oct 2017, 14:32:16
 22.1065, 0.00675,   -0.211, 01 Oct 2017, 14:32:21
 22.1031, 0.00664,   -0.207, 01 Oct 2017, 14:32:26
 22.1106, 0.00645,   -0.204, 01 Oct 2017, 14:32:31
 22.0947, 0.00643,   -0.218, 01 Oct 2017, 14:32:36
 22.1147, 0.00829,   -0.211, 01 Oct 2017, 14:32:41
 22.1399, 0.00808,   -0.216, 01 Oct 2017, 14:32:46
 22.1373, 0.00754,   -0.213, 01 Oct 2017, 14:32:51
 22.1537, 0.00722,   -0.222, 01 Oct 2017, 14:32:56
 22.1845, 0.00708,   -0.213, 01 Oct 2017, 14:33:01
 22.2068, 0.00671,   -0.211, 01 Oct 2017, 14:33:06
 22.2340, 0.00634,   -0.215, 01 Oct 2017, 14:33:11
 22.2630, 0.00601,   -0.218, 01 Oct 2017, 14:33:16
 22.2826, 0.00587,   -0.213, 01 Oct 2017, 14:33:21
 22.3278, 0.00564,   -0.213, 01 Oct 2017, 14:33:26
 22.3052, 0.00537,   -0.220, 01 Oct 2017, 14:33:31
 22.3582, 0.00518,   -0.215, 01 Oct 2017, 14:33:36
 22.3452, 0.00529,   -0.213, 01 Oct 2017, 14:33:41
 22.3438, 0.00586,   -0.218, 01 Oct 2017, 14:33:46
 22.3118, 0.00625,   -0.211, 01 Oct 2017, 14:33:51
 22.3000, 0.00753,   -0.213, 01 Oct 2017, 14:33:56
 22.2846, 0.00810,   -0.218, 01 Oct 2017, 14:34:01
 22.2531, 0.00820,   -0.215, 01 Oct 2017, 14:34:06
 22.2745, 0.00790,   -0.204, 01 Oct 2017, 14:34:11
 22.2990, 0.00738,   -0.218, 01 Oct 2017, 14:34:16
 22.3167, 0.00678,   -0.213, 01 Oct 2017, 14:34:21
 22.3264, 0.00623,   -0.216, 01 Oct 2017, 14:34:26
 22.3411, 0.00588,   -0.211, 01 Oct 2017, 14:34:31
 22.3437, 0.00557,   -0.213, 01 Oct 2017, 14:34:36
 22.3645, 0.00541,   -0.215, 01 Oct 2017, 14:34:41
 22.3911, 0.00538,   -0.218, 01 Oct 2017, 14:34:46
 22.4266, 0.00539,   -0.215, 01 Oct 2017, 14:34:51
 22.4807, 0.00543,   -0.222, 01 Oct 2017, 14:34:56
 22.4959, 0.00545,   -0.213, 01 Oct 2017, 14:35:01
 22.5165, 0.00555,   -0.224, 01 Oct 2017, 14:35:06
 22.5274, 0.00557,   -0.215, 01 Oct 2017, 14:35:11
 22.4796, 0.00556,   -0.211, 01 Oct 2017, 14:35:16
 22.5749, 0.00582,   -0.207, 01 Oct 2017, 14:35:21
 22.6133, 0.00633,   -0.215, 01 Oct 2017, 14:35:26
 22.6433, 0.00655,   -0.218, 01 Oct 2017, 14:35:31
 22.6558, 0.00659,   -0.211, 01 Oct 2017, 14:35:36
 22.6306, 0.00645,   -0.220, 01 Oct 2017, 14:35:41
 22.5888, 0.00633,   -0.220, 01 Oct 2017, 14:35:46
 22.5772, 0.00628,   -0.215, 01 Oct 2017, 14:35:51
 22.5560, 0.00604,   -0.216, 01 Oct 2017, 14:35:56
 22.5461, 0.00580,   -0.207, 01 Oct 2017, 14:36:01
 22.5564, 0.00555,   -0.202, 01 Oct 2017, 14:36:06
 22.5761, 0.00532,   -0.209, 01 Oct 2017, 14:36:11
 22.5643, 0.00513,   -0.213, 01 Oct 2017, 14:36:16
 22.6367, 0.00497,   -0.215, 01 Oct 2017, 14:36:21
 22.6638, 0.00482,   -0.218, 01 Oct 2017, 14:36:26
 22.6685, 0.00473,   -0.216, 01 Oct 2017, 14:36:31
 22.6592, 0.00460,   -0.215, 01 Oct 2017, 14:36:36
 22.6991, 0.00445,   -0.216, 01 Oct 2017, 14:36:41
 22.7964, 0.00432,   -0.216, 01 Oct 2017, 14:36:46
 22.8358, 0.00414,   -0.215, 01 Oct 2017, 14:36:51
 22.8177, 0.00404,   -0.215, 01 Oct 2017, 14:36:56
 22.6354, 0.00396,   -0.215, 01 Oct 2017, 14:37:01
 22.3878, 0.00394,   -0.222, 01 Oct 2017, 14:37:06
 22.5289, 0.00399,   -0.238, 01 Oct 2017, 14:37:11
 22.7550, 0.00388,   -0.243, 01 Oct 2017, 14:37:16
 22.9032, 0.00376,   -0.241, 01 Oct 2017, 14:37:21
 22.9214, 0.00615,   -0.215, 01 Oct 2017, 14:37:26
 21.6960, 0.65693,   -0.011, 01 Oct 2017, 14:37:31
 21.7012, 0.60143,   -0.022, 01 Oct 2017, 14:37:36
 21.6906, 0.47598,    0.007, 01 Oct 2017, 14:37:41
 21.6680, 0.45342,   -0.042, 01 Oct 2017, 14:37:46
 21.6753, 0.42332,   -0.017, 01 Oct 2017, 14:37:51
 21.6960, 0.46489,   -0.033, 01 Oct 2017, 14:37:56
 21.6562, 0.44848,    0.124, 01 Oct 2017, 14:38:01
 21.6572, 0.42489,    0.197, 01 Oct 2017, 14:38:06
 21.6392, 0.42130,    0.294, 01 Oct 2017, 14:38:11
 21.6415, 0.41781,    0.449, 01 Oct 2017, 14:38:16
 21.6416, 0.41597,    0.681, 01 Oct 2017, 14:38:21
 21.6076, 0.41477,    0.838, 01 Oct 2017, 14:38:26
 21.5740, 0.41678,    0.927, 01 Oct 2017, 14:38:31
 21.5837, 0.41848,    0.915, 01 Oct 2017, 14:38:36
 21.5168, 0.41913,    1.073, 01 Oct 2017, 14:38:41
 21.5188, 0.42133,    1.140, 01 Oct 2017, 14:38:46
 21.3398, 0.45657,    1.354, 01 Oct 2017, 14:38:51
 20.4826, 0.76142,    1.535, 01 Oct 2017, 14:38:56
 20.3297, 1.13991,    1.854, 01 Oct 2017, 14:39:01
 20.2597, 1.78274,    2.091, 01 Oct 2017, 14:39:06
 20.0363, 2.71744,    2.163, 01 Oct 2017, 14:39:11
 19.9717, 3.02417,    2.825, 01 Oct 2017, 14:39:16
 19.9257, 3.15024,    3.030, 01 Oct 2017, 14:39:21
 19.7674, 3.46119,    3.517, 01 Oct 2017, 14:39:26
 19.3402, 3.97928,    3.627, 01 Oct 2017, 14:39:31
 18.9673, 4.17205,    4.039, 01 Oct 2017, 14:39:36
 18.9638, 4.26144,    4.091, 01 Oct 2017, 14:39:41
 18.9523, 4.34639,    4.100, 01 Oct 2017, 14:39:46
 18.9515, 4.35466,    3.920, 01 Oct 2017, 14:39:51
 19.1239, 4.39332,    3.600, 01 Oct 2017, 14:39:56
 19.4551, 4.09405,    3.175, 01 Oct 2017, 14:40:01
 19.6993, 3.65637,    3.010, 01 Oct 2017, 14:40:06
 19.8403, 3.44712,    2.929, 01 Oct 2017, 14:40:11
 19.9164, 3.28291,    2.497, 01 Oct 2017, 14:40:16
 20.0209, 3.19327,    2.087, 01 Oct 2017, 14:40:21
 20.1895, 2.83365,    1.980, 01 Oct 2017, 14:40:26
 20.4619, 1.84183,    1.534, 01 Oct 2017, 14:40:31
 21.4498, 0.66878,    1.005, 01 Oct 2017, 14:40:36
 21.5413, 0.51440,    0.620, 01 Oct 2017, 14:40:41
 21.5995, 0.44332,    0.113, 01 Oct 2017, 14:40:46
 21.5961, 0.43125,    0.044, 01 Oct 2017, 14:40:51
 21.5700, 0.02491,   -0.197, 01 Oct 2017, 14:40:56
 21.4711, 0.00805,   -0.191, 01 Oct 2017, 14:41:01
 21.3855, 0.00807,   -0.182, 01 Oct 2017, 14:41:06
 21.3236, 0.00335,   -0.175, 01 Oct 2017, 14:41:11
 21.3059, 0.00601,   -0.180, 01 Oct 2017, 14:41:16
 21.3604, 0.00326,   -0.180, 01 Oct 2017, 14:41:21
 21.2386, 0.00190,   -0.179, 01 Oct 2017, 14:41:26
 21.2729, 0.00168,   -0.177, 01 Oct 2017, 14:41:31
 21.3579, 0.00181,   -0.180, 01 Oct 2017, 14:41:36
 21.1929, 0.00218,   -0.179, 01 Oct 2017, 14:41:41
 21.2033, 0.00212,   -0.179, 01 Oct 2017, 14:41:46
 21.2813, 0.00209,   -0.182, 01 Oct 2017, 14:41:51
 21.1879, 0.00257,   -0.182, 01 Oct 2017, 14:41:56
 20.8788, 0.00192,   -0.180, 01 Oct 2017, 14:42:01
 20.9247, 0.00145,   -0.188, 01 Oct 2017, 14:42:06
 20.9814, 0.00127,   -0.186, 01 Oct 2017, 14:42:11
 21.1438, 0.00116,   -0.189, 01 Oct 2017, 14:42:16
 21.1759, 0.00109,   -0.188, 01 Oct 2017, 14:42:21
 21.1522, 0.00104,   -0.188, 01 Oct 2017, 14:42:26
 21.1042, 0.00102,   -0.188, 01 Oct 2017, 14:42:31
 21.0836, 0.00102,   -0.186, 01 Oct 2017, 14:42:36
 20.9748, 0.00110,   -0.193, 01 Oct 2017, 14:42:41
 20.8847, 0.00123,   -0.197, 01 Oct 2017, 14:42:46
 20.9260, 0.00122,   -0.193, 01 Oct 2017, 14:42:51
 20.9990, 0.00120,   -0.191, 01 Oct 2017, 14:42:56
 20.9256, 0.00125,   -0.191, 01 Oct 2017, 14:43:01
 20.9141, 0.00123,   -0.191, 01 Oct 2017, 14:43:06
 20.9654, 0.00112,   -0.195, 01 Oct 2017, 14:43:11
 21.0291, 0.00106,   -0.193, 01 Oct 2017, 14:43:16
 21.1541, 0.00097,   -0.198, 01 Oct 2017, 14:43:21
 21.1641, 0.00092,   -0.198, 01 Oct 2017, 14:43:26
 21.1484, 0.00091,   -0.191, 01 Oct 2017, 14:43:31
 21.1571, 0.00093,   -0.198, 01 Oct 2017, 14:43:36
 21.1794, 0.00459,   -0.197, 01 Oct 2017, 14:43:41
 21.1664, 0.00324,   -0.193, 01 Oct 2017, 14:43:46
 21.1259, 0.00176,   -0.195, 01 Oct 2017, 14:43:51
 21.1299, 0.00160,   -0.198, 01 Oct 2017, 14:43:56
 21.1610, 0.00295,   -0.195, 01 Oct 2017, 14:44:01
 21.1301, 0.00216,   -0.204, 01 Oct 2017, 14:44:06
 21.1674, 0.00323,   -0.179, 01 Oct 2017, 14:44:11
 21.0928, 0.00205,   -0.191, 01 Oct 2017, 14:44:16
 21.1083, 0.00159,   -0.189, 01 Oct 2017, 14:44:21
 21.0547, 0.00106,   -0.180, 01 Oct 2017, 14:44:26
 21.0902, 0.00095,   -0.195, 01 Oct 2017, 14:44:31
 21.1614, 0.00086,   -0.195, 01 Oct 2017, 14:44:36
 21.1584, 0.00250,   -0.200, 01 Oct 2017, 14:44:41
 21.2018, 0.00172,   -0.191, 01 Oct 2017, 14:44:46
 21.1965, 0.00184,   -0.195, 01 Oct 2017, 14:44:51
 21.2367, 0.00193,   -0.198, 01 Oct 2017, 14:44:56
 21.2996, 0.00149,   -0.186, 01 Oct 2017, 14:45:01
 21.2893, 0.00176,   -0.209, 01 Oct 2017, 14:45:06
 21.3366, 0.00108,   -0.209, 01 Oct 2017, 14:45:11
 21.5093, 0.00099,   -0.198, 01 Oct 2017, 14:45:16
 21.5743, 0.00095,   -0.195, 01 Oct 2017, 14:45:21
 21.6059, 0.00090,   -0.200, 01 Oct 2017, 14:45:26
 21.5912, 0.00087,   -0.200, 01 Oct 2017, 14:45:31
 21.6064, 0.00084,   -0.198, 01 Oct 2017, 14:45:36
 21.6275, 0.00080,   -0.200, 01 Oct 2017, 14:45:41
 21.5822, 0.00077,   -0.200, 01 Oct 2017, 14:45:46
 21.4636, 0.00076,   -0.216, 01 Oct 2017, 14:45:51
 21.3393, 0.00076,   -0.216, 01 Oct 2017, 14:45:56
 21.3446, 0.00079,   -0.222, 01 Oct 2017, 14:46:01
 21.4047, 0.00081,   -0.222, 01 Oct 2017, 14:46:06
 21.3839, 0.00082,   -0.206, 01 Oct 2017, 14:46:11
 22.0471, 0.46037,   -0.017, 01 Oct 2017, 14:46:16
 22.0378, 0.45990,   -0.063, 01 Oct 2017, 14:46:21
 22.0232, 0.45776,   -0.015, 01 Oct 2017, 14:46:26
 22.0261, 0.45430,    0.005, 01 Oct 2017, 14:46:31
 22.0354, 0.45391,    0.055, 01 Oct 2017, 14:46:36
 22.0237, 0.45458,    0.095, 01 Oct 2017, 14:46:41
 22.0242, 0.45530,    0.120, 01 Oct 2017, 14:46:46
 22.0224, 0.45721,    0.222, 01 Oct 2017, 14:46:51
 22.0385, 0.46068,    0.447, 01 Oct 2017, 14:46:56
 22.0342, 0.46118,    0.501, 01 Oct 2017, 14:47:01
 22.0393, 0.46636,    0.602, 01 Oct 2017, 14:47:06
 22.0548, 0.46600,    0.645, 01 Oct 2017, 14:47:11
 22.0523, 0.47289,    0.825, 01 Oct 2017, 14:47:16
 21.9930, 0.49477,    0.990, 01 Oct 2017, 14:47:21
 21.0449, 0.51484,    1.215, 01 Oct 2017, 14:47:26
 20.4638, 0.73522,    1.400, 01 Oct 2017, 14:47:31
 20.2217, 1.17928,    1.534, 01 Oct 2017, 14:47:36
 20.0785, 1.99321,    1.755, 01 Oct 2017, 14:47:41
 20.0734, 2.80118,    1.870, 01 Oct 2017, 14:47:46
 19.9930, 3.07263,    2.235, 01 Oct 2017, 14:47:51
 19.9473, 3.29846,    2.343, 01 Oct 2017, 14:47:56
 19.8493, 3.45658,    2.470, 01 Oct 2017, 14:48:01
 19.8161, 3.58348,    2.607, 01 Oct 2017, 14:48:06
 19.7425, 3.72064,    2.812, 01 Oct 2017, 14:48:11
 19.6464, 3.87285,    2.974, 01 Oct 2017, 14:48:16
 19.3590, 4.06897,    3.179, 01 Oct 2017, 14:48:21
 19.2719, 4.19029,    3.361, 01 Oct 2017, 14:48:26
 19.2297, 4.24092,    3.505, 01 Oct 2017, 14:48:31
 19.2133, 4.26513,    3.506, 01 Oct 2017, 14:48:36
 19.2250, 4.29260,    3.377, 01 Oct 2017, 14:48:41
 19.2661, 4.31959,    3.113, 01 Oct 2017, 14:48:46
 19.3714, 4.26689,    2.719, 01 Oct 2017, 14:48:51
 19.6528, 4.04794,    2.328, 01 Oct 2017, 14:48:56
 19.9516, 3.63094,    1.944, 01 Oct 2017, 14:49:01
 20.0756, 3.19167,    1.596, 01 Oct 2017, 14:49:06
 20.5668, 2.56166,    1.168, 01 Oct 2017, 14:49:11
 21.7649, 1.18602,    0.933, 01 Oct 2017, 14:49:16
 21.9950, 0.67341,    0.789, 01 Oct 2017, 14:49:21
 22.0729, 0.56901,    0.598, 01 Oct 2017, 14:49:26
 22.0586, 0.49830,    0.231, 01 Oct 2017, 14:49:31
 22.0632, 0.48197,    0.026, 01 Oct 2017, 14:49:36
 21.7371, 0.02750,   -0.200, 01 Oct 2017, 14:49:41
 21.1532, 0.01194,   -0.184, 01 Oct 2017, 14:49:46
 21.2933, 0.00420,   -0.191, 01 Oct 2017, 14:49:51
 21.5454, 0.00290,   -0.191, 01 Oct 2017, 14:49:56
 21.7421, 0.00224,   -0.191, 01 Oct 2017, 14:50:01
 21.6170, 0.00157,   -0.191, 01 Oct 2017, 14:50:06
 21.6832, 0.00137,   -0.193, 01 Oct 2017, 14:50:11
 21.6915, 0.00124,   -0.193, 01 Oct 2017, 14:50:16
 21.5815, 0.00114,   -0.197, 01 Oct 2017, 14:50:21
 21.4913, 0.00106,   -0.195, 01 Oct 2017, 14:50:26
 21.1663, 0.00100,   -0.197, 01 Oct 2017, 14:50:31
 21.3023, 0.00095,   -0.197, 01 Oct 2017, 14:50:36
 21.4411, 0.00091,   -0.197, 01 Oct 2017, 14:50:41
 21.5102, 0.00087,   -0.197, 01 Oct 2017, 14:50:46
 21.3379, 0.00084,   -0.197, 01 Oct 2017, 14:50:51
 21.1200, 0.00081,   -0.195, 01 Oct 2017, 14:50:56
 21.0700, 0.00080,   -0.200, 01 Oct 2017, 14:51:01
 21.0600, 0.00090,   -0.197, 01 Oct 2017, 14:51:06
 20.9857, 0.00133,   -0.193, 01 Oct 2017, 14:51:11
 21.0555, 0.00162,   -0.209, 01 Oct 2017, 14:51:16
 21.0582, 0.00872,   -0.188, 01 Oct 2017, 14:51:21
 21.0312, 0.00284,   -0.211, 01 Oct 2017, 14:51:26
 21.0415, 0.00261,   -0.206, 01 Oct 2017, 14:51:31
 21.1603, 0.00166,   -0.209, 01 Oct 2017, 14:51:36
 21.2448, 0.00071,   -0.197, 01 Oct 2017, 14:51:41
 21.2889, 0.00056,   -0.204, 01 Oct 2017, 14:51:46
 21.3918, 0.00040,   -0.195, 01 Oct 2017, 14:51:51
 21.3972, 0.00033,   -0.191, 01 Oct 2017, 14:51:56
 21.4438, 0.00026,   -0.200, 01 Oct 2017, 14:52:01
 21.4944, 0.00019,   -0.206, 01 Oct 2017, 14:52:06
 21.5820, 0.00016,   -0.189, 01 Oct 2017, 14:52:11
 21.6104, 0.00010,   -0.193, 01 Oct 2017, 14:52:16
 21.6956, 0.00009,   -0.197, 01 Oct 2017, 14:52:21
 21.7647, 0.00008,   -0.191, 01 Oct 2017, 14:52:26
 21.7228, 0.00008,   -0.200, 01 Oct 2017, 14:52:31
 21.8328, 0.00011,   -0.197, 01 Oct 2017, 14:52:36
 21.9205, 0.00010,   -0.200, 01 Oct 2017, 14:52:41
 21.8116, 0.00009,   -0.198, 01 Oct 2017, 14:52:46
 21.7292, 0.00009,   -0.202, 01 Oct 2017, 14:52:51
 21.7481, 0.00011,   -0.198, 01 Oct 2017, 14:52:56
 21.7825, 0.00017,   -0.206, 01 Oct 2017, 14:53:01
 21.7290, 0.00012,   -0.204, 01 Oct 2017, 14:53:06
 21.6960, 0.00012,   -0.202, 01 Oct 2017, 14:53:11
 21.7027, 0.00011,   -0.202, 01 Oct 2017, 14:53:16
 21.7251, 0.00010,   -0.202, 01 Oct 2017, 14:53:21
 21.7834, 0.00010,   -0.202, 01 Oct 2017, 14:53:26
 21.8500, 0.00010,   -0.204, 01 Oct 2017, 14:53:31
 22.1732, 0.00010,   -0.202, 01 Oct 2017, 14:53:36
 22.5230, 0.00010,   -0.202, 01 Oct 2017, 14:53:41
 22.6580, 0.00010,   -0.216, 01 Oct 2017, 14:53:46
 22.0035, 0.50935,   -0.024, 01 Oct 2017, 14:53:51
 21.8905, 0.50553,   -0.051, 01 Oct 2017, 14:53:56
 21.9006, 0.50409,    0.057, 01 Oct 2017, 14:54:01
 21.9081, 0.50217,   -0.026, 01 Oct 2017, 14:54:06
 21.9014, 0.50280,    0.122, 01 Oct 2017, 14:54:11
 21.9074, 0.50311,    0.258, 01 Oct 2017, 14:54:16
 21.9017, 0.50317,    0.420, 01 Oct 2017, 14:54:21
 21.8981, 0.50332,    0.465, 01 Oct 2017, 14:54:26
 21.8928, 0.50705,    0.597, 01 Oct 2017, 14:54:31
 21.7267, 0.53477,    0.767, 01 Oct 2017, 14:54:36
 20.8406, 0.90169,    0.866, 01 Oct 2017, 14:54:41
 20.3128, 1.63330,    1.030, 01 Oct 2017, 14:54:46
 20.1585, 2.16187,    1.208, 01 Oct 2017, 14:54:51
 20.2045, 2.81307,    1.316, 01 Oct 2017, 14:54:56
 20.0757, 3.29944,    1.503, 01 Oct 2017, 14:55:01
 20.0252, 3.55155,    1.731, 01 Oct 2017, 14:55:06
 19.9088, 3.79497,    1.818, 01 Oct 2017, 14:55:11
 19.8532, 4.07457,    2.147, 01 Oct 2017, 14:55:16
 19.7653, 4.23013,    2.253, 01 Oct 2017, 14:55:21
 19.6158, 4.46125,    2.755, 01 Oct 2017, 14:55:26
 19.5329, 4.55660,    2.830, 01 Oct 2017, 14:55:31
 19.5271, 4.58774,    2.701, 01 Oct 2017, 14:55:36
 19.5994, 4.61553,    2.550, 01 Oct 2017, 14:55:41
 19.6761, 4.50977,    2.280, 01 Oct 2017, 14:55:46
 19.7669, 4.41609,    1.999, 01 Oct 2017, 14:55:51
 19.8358, 4.34376,    1.789, 01 Oct 2017, 14:55:56
 19.9775, 4.15604,    1.512, 01 Oct 2017, 14:56:01
 20.1554, 3.44504,    0.980, 01 Oct 2017, 14:56:06
 21.5776, 0.94296,    0.607, 01 Oct 2017, 14:56:11
 21.8901, 0.51923,    0.237, 01 Oct 2017, 14:56:16
 21.9152, 0.51104,   -0.018, 01 Oct 2017, 14:56:21
 21.6252, 0.03156,   -0.200, 01 Oct 2017, 14:56:26
 21.0631, 0.01557,   -0.197, 01 Oct 2017, 14:56:31
 21.1286, 0.01157,   -0.202, 01 Oct 2017, 14:56:36
 21.1765, 0.00636,   -0.204, 01 Oct 2017, 14:56:41
 21.2292, 0.00435,   -0.204, 01 Oct 2017, 14:56:46
 21.2666, 0.00362,   -0.204, 01 Oct 2017, 14:56:51
 21.2988, 0.00287,   -0.204, 01 Oct 2017, 14:56:56
 21.3708, 0.00232,   -0.204, 01 Oct 2017, 14:57:01
 21.3772, 0.00084,   -0.206, 01 Oct 2017, 14:57:06
 21.2958, 0.00076,   -0.207, 01 Oct 2017, 14:57:11
 21.1907, 0.00074,   -0.204, 01 Oct 2017, 14:57:16
 21.1126, 0.00075,   -0.204, 01 Oct 2017, 14:57:21
 21.0308, 0.00089,   -0.202, 01 Oct 2017, 14:57:26
 21.0064, 0.00108,   -0.197, 01 Oct 2017, 14:57:31
 20.9053, 0.00141,   -0.204, 01 Oct 2017, 14:57:36
 20.8171, 0.00136,   -0.204, 01 Oct 2017, 14:57:41
 20.8527, 0.00130,   -0.202, 01 Oct 2017, 14:57:46
 20.8785, 0.00143,   -0.202, 01 Oct 2017, 14:57:51
 20.8539, 0.00125,   -0.209, 01 Oct 2017, 14:57:56
