data/raw/01-10-17/1-10-2017.cnv
* Sea-Bird SBE37 Data File:
* FileName = D:\Prof-Arnaldo\CTD-LAGOA_1_10_2017\1-10-2017.asc
* Software Version 1.59
* Temperature SN = 2603
* Conductivity SN = 2603
* System UpLoad Time = Oct 01 2017 18:04:55
* ds
* SBE37-SM V 2.2  SERIAL NO. 2603    01 Oct 2017  17:59:48
# nquan = 5
# nvalues =     3116
# units = metric
# name 0 = t090: temperature, ITS-90 [deg C]
# name 1 = c0S/m: conductivity [S/m]
# name 2 = pr: pressure [db]
# name 3 = timeJ: time [julian days]
# name 4 = flag:  0.000e+00
# span 0 = 18.9190, 29.0011           
# span 1 = 0.00008, 4.75986           
# span 2 = -0.259, 8.891              
# span 3 = 274.569271, 274.749549     
# span 4 = 0.000e+00, 0.000e+00       
# interval = seconds: 5
# start_time = Oct 01 2017 13:39:45
# bad_flag = -9.990e-29
*END*
[from data line 858]
    21.0555    0.00162     -0.209 274.618935  0.000e+00
    21.0582    0.00872     -0.188 274.618993  0.000e+00
    21.0312    0.00284     -0.211 274.619051  0.000e+00
    21.0415    0.00261     -0.206 274.619109  0.000e+00
    21.1603    0.00166     -0.209 274.619167  0.000e+00
    21.2448    0.00071     -0.197 274.619225  0.000e+00
    21.2889    0.00056     -0.204 274.619282  0.000e+00
    21.3918    0.00040     -0.195 274.619340  0.000e+00
    21.3972    0.00033     -0.191 274.619398  0.000e+00
    21.4438    0.00026     -0.200 274.619456  0.000e+00
    21.4944    0.00019     -0.206 274.619514  0.000e+00
    21.5820    0.00016     -0.189 274.619572  0.000e+00
    21.6104    0.00010     -0.193 274.619630  0.000e+00
    21.6956    0.00009     -0.197 274.619688  0.000e+00
    21.7647    0.00008     -0.191 274.619745  0.000e+00
    21.7228    0.00008     -0.200 274.619803  0.000e+00
    21.8328    0.00011     -0.197 274.619861  0.000e+00
    21.9205    0.00010     -0.200 274.619919  0.000e+00
    21.8116    0.00009     -0.198 274.619977  0.000e+00
    21.7292    0.00009     -0.202 274.620035  0.000e+00
    21.7481    0.00011     -0.198 274.620093  0.000e+00
    21.7825    0.00017     -0.206 274.620150  0.000e+00
    21.7290    0.00012     -0.204 274.620208  0.000e+00
    21.6960    0.00012     -0.202 274.620266  0.000e+00
    21.7027    0.00011     -0.202 274.620324  0.000e+00
    21.7251    0.00010     -0.202 274.620382  0.000e+00
    21.7834    0.00010     -0.202 274.620440  0.000e+00
    21.8500    0.00010     -0.204 274.620498  0.000e+00
    22.1732    0.00010     -0.202 274.620556  0.000e+00
    22.5230    0.00010     -0.202 274.620613  0.000e+00
    22.6580    0.00010     -0.216 274.620671  0.000e+00
    22.0035    0.50935     -0.024 274.620729  0.000e+00
    21.8905    0.50553     -0.051 274.620787  0.000e+00
    21.9006    0.50409      0.057 274.620845  0.000e+00
    21.9081    0.50217     -0.026 274.620903  0.000e+00
    21.9014    0.50280      0.122 274.620961  0.000e+00
    21.9074    0.50311      0.258 274.621019  0.000e+00
    21.9017    0.50317      0.420 274.621076  0.000e+00
    21.8981    0.50332      0.465 274.621134  0.000e+00
    21.8928    0.50705      0.597 274.621192  0.000e+00
    21.7267    0.53477      0.767 274.621250  0.000e+00
    20.8406    0.90169      0.866 274.621308  0.000e+00
    20.3128    1.63330      1.030 274.621366  0.000e+00
    20.1585    2.16187      1.208 274.621424  0.000e+00
    20.2045    2.81307      1.316 274.621481  0.000e+00
    20.0757    3.29944      1.503 274.621539  0.000e+00
    20.0252    3.55155      1.731 274.621597  0.000e+00
    19.9088    3.79497      1.818 274.621655  0.000e+00
    19.8532    4.07457      2.147 274.621713  0.000e+00
    19.7653    4.23013      2.253 274.621771  0.000e+00
    19.6158    4.46125      2.755 274.621829  0.000e+00
    19.5329    4.55660      2.830 274.621887  0.000e+00
    19.5271    4.58774      2.701 274.621944  0.000e+00
    19.5994    4.61553      2.550 274.622002  0.000e+00
    19.6761    4.50977      2.280 274.622060  0.000e+00
    19.7669    4.41609      1.999 274.622118  0.000e+00
    19.8358    4.34376      1.789 274.622176  0.000e+00
    19.9775    4.15604      1.512 274.622234  0.000e+00
    20.1554    3.44504      0.980 274.622292  0.000e+00
    21.5776    0.94296      0.607 274.622350  0.000e+00
    21.8901    0.51923      0.237 274.622407  0.000e+00
    21.9152    0.51104     -0.018 274.622465  0.000e+00
    21.6252    0.03156     -0.200 274.622523  0.000e+00
    21.0631    0.01557     -0.197 274.622581  0.000e+00
    21.1286    0.01157     -0.202 274.622639  0.000e+00
    21.1765    0.00636     -0.204 274.622697  0.000e+00
    21.2292    0.00435     -0.204 274.622755  0.000e+00
    21.2666    0.00362     -0.204 274.622813  0.000e+00
    21.2988    0.00287     -0.204 274.622870  0.000e+00
    21.3708    0.00232     -0.204 274.622928  0.000e+00
    21.3772    0.00084     -0.206 274.622986  0.000e+00
    21.2958    0.00076     -0.207 274.623044  0.000e+00
    21.1907    0.00074     -0.204 274.623102  0.000e+00
    21.1126    0.00075     -0.204 274.623160  0.000e+00
    21.0308    0.00089     -0.202 274.623218  0.000e+00
    21.0064    0.00108     -0.197 274.623275  0.000e+00
    20.9053    0.00141     -0.204 274.623333  0.000e+00
    20.8171    0.00136     -0.204 274.623391  0.000e+00
    20.8527    0.00130     -0.202 274.623449  0.000e+00
    20.8785    0.00143     -0.202 274.623507  0.000e+00
    20.8539    0.00125     -0.209 274.623565  0.000e+00
    20.8706    0.00119     -0.216 274.623623  0.000e+00
    20.8337    0.00459     -0.213 274.623681  0.000e+00
    20.7729    0.00225     -0.188 274.623738  0.000e+00
    20.8146    0.00133     -0.216 274.623796  0.000e+00
    20.9733    0.00134     -0.202 274.623854  0.000e+00
    20.8908    0.00155     -0.220 274.623912  0.000e+00
    20.8502    0.00114     -0.206 274.623970  0.000e+00
    20.8400    0.00072     -0.209 274.624028  0.000e+00
    20.8829    0.00034     -0.186 274.624086  0.000e+00
    20.9668    0.00034     -0.197 274.624144  0.000e+00
    20.8755    0.00255     -0.198 274.624201  0.000e+00
    20.8678    0.00841     -0.204 274.624259  0.000e+00
    21.0321    0.00649     -0.213 274.624317  0.000e+00
    21.0817    0.00955     -0.207 274.624375  0.000e+00
    21.1597    0.00545     -0.200 274.624433  0.000e+00
    21.3497    0.00237     -0.200 274.624491  0.000e+00
    21.4257    0.00229     -0.213 274.624549  0.000e+00
    21.2983    0.00143     -0.200 274.624606  0.000e+00
    21.2247    0.00048     -0.207 274.624664  0.000e+00
    21.3971    0.00066     -0.204 274.624722  0.000e+00
    21.3771    0.00166     -0.204 274.624780  0.000e+00
    21.2961    0.00028     -0.206 274.624838  0.000e+00
    21.2658    0.00029     -0.207 274.624896  0.000e+00
    21.2521    0.00027     -0.200 274.624954  0.000e+00
    21.4414    0.00027     -0.213 274.625012  0.000e+00
    21.6252    0.00028     -0.206 274.625069  0.000e+00
    21.5331    0.00029     -0.206 274.625127  0.000e+00
    21.5553    0.00028     -0.204 274.625185  0.000e+00
    21.5603    0.00027     -0.206 274.625243  0.000e+00
    21.6055    0.00026     -0.204 274.625301  0.000e+00
    21.5987    0.00025     -0.204 274.625359  0.000e+00
    21.5673    0.00025     -0.207 274.625417  0.000e+00
    21.4493    0.00025     -0.213 274.625475  0.000e+00
    21.0541    0.00024     -0.225 274.625532  0.000e+00
    21.1577    0.00024     -0.225 274.625590  0.000e+00
    21.2391    0.00024     -0.209 274.625648  0.000e+00
    21.4798    1.51587     -0.011 274.625706  0.000e+00
    21.4555    1.68896     -0.058 274.625764  0.000e+00
    21.4438    1.90080     -0.002 274.625822  0.000e+00
    21.3974    1.83191     -0.009 274.625880  0.000e+00
    21.2641    2.05961     -0.013 274.625937  0.000e+00
    21.3866    1.76650      0.005 274.625995  0.000e+00
    21.3451    1.58166      0.035 274.626053  0.000e+00
    21.0954    1.61109      0.280 274.626111  0.000e+00
    20.9843    2.70411      0.374 274.626169  0.000e+00
    20.9579    3.06501      0.541 274.626227  0.000e+00
    20.8903    3.28664      0.640 274.626285  0.000e+00
    20.8791    3.34605      0.726 274.626343  0.000e+00
    20.8639    3.39746      0.796 274.626400  0.000e+00
    20.8582    3.40622      0.972 274.626458  0.000e+00
    20.7620    3.48164      1.075 274.626516  0.000e+00
    20.3149    3.67843      1.298 274.626574  0.000e+00
    19.8098    4.09515      1.480 274.626632  0.000e+00
    19.9105    4.27274      1.589 274.626690  0.000e+00
    19.5650    4.52505      1.728 274.626748  0.000e+00
    19.4708    4.61729      1.886 274.626806  0.000e+00
    19.3597    4.68856      2.089 274.626863  0.000e+00
    19.3553    4.69054      2.156 274.626921  0.000e+00
    19.3649    4.69121      2.413 274.626979  0.000e+00
    19.3154    4.70979      2.882 274.627037  0.000e+00
    19.3048    4.71250      3.307 274.627095  0.000e+00
    19.3036    4.71694      3.605 274.627153  0.000e+00
    19.3076    4.71435      3.616 274.627211  0.000e+00
    19.2950    4.71793      3.731 274.627269  0.000e+00
    19.2969    4.72034      3.762 274.627326  0.000e+00
    19.2946    4.72207      3.760 274.627384  0.000e+00
    19.2990    4.71445      3.719 274.627442  0.000e+00
    19.3009    4.71399      3.765 274.627500  0.000e+00
    19.2974    4.71360      3.677 274.627558  0.000e+00
    19.2932    4.71462      3.517 274.627616  0.000e+00
    19.2995    4.71183      3.051 274.627674  0.000e+00
    19.2911    4.71187      2.774 274.627731  0.000e+00
    19.3003    4.71037      2.345 274.627789  0.000e+00
    19.3500    4.69024      1.877 274.627847  0.000e+00
    19.4095    4.64221      1.710 274.627905  0.000e+00
    19.9962    4.50271      1.598 274.627963  0.000e+00
    20.5750    4.14316      1.235 274.628021  0.000e+00
    20.5750    3.85823      0.899 274.628079  0.000e+00
    20.5732    3.77270      0.530 274.628137  0.000e+00
    20.6236    3.72833      0.089 274.628194  0.000e+00
    21.4740    0.77665     -0.188 274.628252  0.000e+00
    20.8586    0.06824     -0.213 274.628310  0.000e+00
    20.7650    0.04781     -0.186 274.628368  0.000e+00
    21.2095    0.01424     -0.193 274.628426  0.000e+00
    21.5343    0.00795     -0.193 274.628484  0.000e+00
    21.7971    0.00648     -0.195 274.628542  0.000e+00
    21.8447    0.00564     -0.195 274.628600  0.000e+00
    21.9987    0.00503     -0.197 274.628657  0.000e+00
    22.0648    0.00462     -0.197 274.628715  0.000e+00
    22.1310    0.00415     -0.198 274.628773  0.000e+00
    22.2977    0.00378     -0.200 274.628831  0.000e+00
    22.3121    0.00362     -0.200 274.628889  0.000e+00
    21.9687    0.00338     -0.198 274.628947  0.000e+00
    21.8185    0.00308     -0.200 274.629005  0.000e+00
    21.7135    0.00294     -0.200 274.629062  0.000e+00
    21.6372    0.00288     -0.200 274.629120  0.000e+00
    21.5959    0.00281     -0.200 274.629178  0.000e+00
    21.5602    0.00273     -0.202 274.629236  0.000e+00
    21.5419    0.00265     -0.204 274.629294  0.000e+00
    21.5467    0.00259     -0.202 274.629352  0.000e+00
    21.5540    0.00252     -0.206 274.629410  0.000e+00
    21.5861    0.00246     -0.207 274.629468  0.000e+00
    21.6159    0.00242     -0.206 274.629525  0.000e+00
    21.6024    0.00236     -0.209 274.629583  0.000e+00
    21.6469    0.00233     -0.207 274.629641  0.000e+00
    21.6868    0.01370     -0.202 274.629699  0.000e+00
    21.7146    0.00939     -0.202 274.629757  0.000e+00
    21.7758    0.01180     -0.206 274.629815  0.000e+00
    21.8643    0.00593     -0.207 274.629873  0.000e+00
    21.9323    0.00469     -0.200 274.629931  0.000e+00
    21.9599    0.00442     -0.195 274.629988  0.000e+00
    21.9738    0.00427     -0.209 274.630046  0.000e+00
    22.0221    0.00411     -0.200 274.630104  0.000e+00
    22.0492    0.01493     -0.202 274.630162  0.000e+00
    22.0589    0.00775     -0.207 274.630220  0.000e+00
    22.0873    0.00766     -0.209 274.630278  0.000e+00
    22.0278    0.00686     -0.200 274.630336  0.000e+00
    22.0570    0.00604     -0.206 274.630394  0.000e+00
    22.0482    0.00424     -0.206 274.630451  0.000e+00
    22.0168    0.00389     -0.207 274.630509  0.000e+00
    22.1008    0.00363     -0.209 274.630567  0.000e+00
    22.0868    0.00347     -0.209 274.630625  0.000e+00
    22.0850    0.00331     -0.206 274.630683  0.000e+00
    22.0681    0.00316     -0.209 274.630741  0.000e+00
    22.2054    0.00303     -0.211 274.630799  0.000e+00
    22.2241    0.00293     -0.207 274.630856  0.000e+00
    22.2615    0.00284     -0.209 274.630914  0.000e+00
    22.3029    0.00275     -0.207 274.630972  0.000e+00
    22.4355    0.00266     -0.211 274.631030  0.000e+00
    22.4965    0.00259     -0.207 274.631088  0.000e+00
    22.5310    0.00250     -0.209 274.631146  0.000e+00
    22.5891    0.00229     -0.209 274.631204  0.000e+00
    22.6197    0.00226     -0.216 274.631262  0.000e+00
    22.6641    0.00221     -0.215 274.631319  0.000e+00
    22.7177    0.00216     -0.216 274.631377  0.000e+00
    22.7285    0.00211     -0.216 274.631435  0.000e+00
    22.7297    0.00206     -0.215 274.631493  0.000e+00
    22.7397    0.00202     -0.216 274.631551  0.000e+00
    22.7220    0.00198     -0.211 274.631609  0.000e+00
    22.6577    0.00195     -0.216 274.631667  0.000e+00
    22.6151    0.00192     -0.215 274.631725  0.000e+00
    22.6350    0.01253     -0.222 274.631782  0.000e+00
    22.6989    0.00882     -0.218 274.631840  0.000e+00
    22.6936    0.00702     -0.216 274.631898  0.000e+00
    22.6360    0.01316     -0.211 274.631956  0.000e+00
    22.5764    0.01215     -0.216 274.632014  0.000e+00
    22.5573    0.01176     -0.222 274.632072  0.000e+00
    22.5066    0.01092     -0.218 274.632130  0.000e+00
    22.4522    0.00922     -0.220 274.632187  0.000e+00
    22.3828    0.00780     -0.222 274.632245  0.000e+00
    22.3328    0.00435     -0.216 274.632303  0.000e+00
    22.2466    0.00388     -0.222 274.632361  0.000e+00
    22.2140    0.00358     -0.222 274.632419  0.000e+00
    22.1814    0.00336     -0.220 274.632477  0.000e+00
    22.1377    0.00320     -0.218 274.632535  0.000e+00
    22.0532    0.00306     -0.225 274.632593  0.000e+00
    22.0948    0.00292     -0.222 274.632650  0.000e+00
    22.0764    0.00284     -0.215 274.632708  0.000e+00
    22.1638    0.00274     -0.218 274.632766  0.000e+00
    22.2048    0.00269     -0.232 274.632824  0.000e+00
    22.5239    0.00255     -0.216 274.632882  0.000e+00
    20.7052    3.99544     -0.105 274.632940  0.000e+00
    20.6808    4.03365     -0.090 274.632998  0.000e+00
    20.6886    4.03917     -0.062 274.633056  0.000e+00
    20.6872    4.07669      0.088 274.633113  0.000e+00
    20.6836    4.07835      0.294 274.633171  0.000e+00
    20.6898    4.08292      0.298 274.633229  0.000e+00
    20.6905    4.07462      0.255 274.633287  0.000e+00
    20.6887    4.06856      0.291 274.633345  0.000e+00
    20.6920    4.07110      0.226 274.633403  0.000e+00
    20.6932    4.07353      0.314 274.633461  0.000e+00
    20.6943    4.06996      0.214 274.633519  0.000e+00
    20.6971    4.06836      0.298 274.633576  0.000e+00
    20.6973    4.06701      0.273 274.633634  0.000e+00
    20.6956    4.06443      0.248 274.633692  0.000e+00
    20.7004    4.05958      0.311 274.633750  0.000e+00
    20.6989    4.05513      0.165 274.633808  0.000e+00
    20.7043    4.05086      0.280 274.633866  0.000e+00
    20.7001    4.05087      0.172 274.633924  0.000e+00
    20.7058    4.04225      0.262 274.633981  0.000e+00
    20.7081    4.03923     -0.054 274.634039  0.000e+00
    20.6482    0.40647     -0.215 274.634097  0.000e+00
    20.5110    0.07800     -0.220 274.634155  0.000e+00
    20.5769    0.05236     -0.200 274.634213  0.000e+00
    20.7368    0.02677     -0.206 274.634271  0.000e+00
    20.8512    0.02098     -0.207 274.634329  0.000e+00
    20.8408    0.01850     -0.209 274.634387  0.000e+00
    20.9815    0.01599     -0.207 274.634444  0.000e+00
    21.0262    0.01393     -0.206 274.634502  0.000e+00
    21.0208    0.00728     -0.206 274.634560  0.000e+00
    20.9498    0.00622     -0.204 274.634618  0.000e+00
    20.8800    0.00569     -0.204 274.634676  0.000e+00
    20.8730    0.00533     -0.206 274.634734  0.000e+00
    20.8698    0.00501     -0.206 274.634792  0.000e+00
    20.9209    0.00471     -0.204 274.634850  0.000e+00
    20.9649    0.00448     -0.204 274.634907  0.000e+00
    21.0670    0.00430     -0.204 274.634965  0.000e+00
    21.0665    0.00411     -0.207 274.635023  0.000e+00
    21.0877    0.00397     -0.207 274.635081  0.000e+00
    21.0422    0.00385     -0.207 274.635139  0.000e+00
    21.0639    0.00376     -0.207 274.635197  0.000e+00
    21.1345    0.00369     -0.211 274.635255  0.000e+00
    21.1342    0.00363     -0.207 274.635313  0.000e+00
