data/raw/01-10-17/1-10-2017.cnv
* Sea-Bird SBE37 Data File:
* FileName = D:\Prof-Arnaldo\CTD-LAGOA_1_10_2017\1-10-2017.asc
* Software Version 1.59
* Temperature SN = 2603
* Conductivity SN = 2603
* System UpLoad Time = Oct 01 2017 18:04:55
* ds
* SBE37-SM V 2.2  SERIAL NO. 2603    01 Oct 2017  17:59:48
# nquan = 5
# nvalues =     3116
# units = metric
# name 0 = t090: temperature, ITS-90 [deg C]
# name 1 = c0S/m: conductivity [S/m]
# name 2 = pr: pressure [db]
# name 3 = timeJ: time [julian days]
# name 4 = flag:  0.000e+00
# span 0 = 18.9190, 29.0011           
# span 1 = 0.00008, 4.75986           
# span 2 = -0.259, 8.891              
# span 3 = 274.569271, 274.749549     
# span 4 = 0.000e+00, 0.000e+00       
# interval = seconds: 5
# start_time = Oct 01 2017 13:39:45
# bad_flag = -9.990e-29
*END*
[from data line 2858]
    20.6024    4.55022      0.699 274.734676  0.000e+00
    20.6034    4.55108      0.699 274.734734  0.000e+00
    20.5995    4.55047      0.697 274.734792  0.000e+00
    20.6094    4.55173      0.602 274.734850  0.000e+00
    21.2662    4.50636      0.460 274.734907  0.000e+00
    21.5291    4.42702      0.345 274.734965  0.000e+00
    21.5213    4.11533      0.314 274.735023  0.000e+00
    21.2832    4.14850      0.205 274.735081  0.000e+00
    21.4958    4.05844      0.097 274.735139  0.000e+00
    21.4811    4.06665     -0.006 274.735197  0.000e+00
    21.2659    0.12967     -0.200 274.735255  0.000e+00
    20.9099    0.10295     -0.224 274.735312  0.000e+00
    20.7928    0.07425     -0.213 274.735370  0.000e+00
    20.7968    0.04862     -0.209 274.735428  0.000e+00
    20.8715    0.03733     -0.216 274.735486  0.000e+00
    20.9560    0.03019     -0.216 274.735544  0.000e+00
    20.9428    0.02802     -0.216 274.735602  0.000e+00
    21.0497    0.02548     -0.216 274.735660  0.000e+00
    21.0390    0.02475     -0.220 274.735718  0.000e+00
    21.1127    0.02137     -0.222 274.735775  0.000e+00
    21.1198    0.01949     -0.220 274.735833  0.000e+00
    21.1856    0.01832     -0.218 274.735891  0.000e+00
    21.2396    0.01746     -0.220 274.735949  0.000e+00
    21.2261    0.01698     -0.222 274.736007  0.000e+00
    21.1784    0.01681     -0.220 274.736065  0.000e+00
    21.2119    0.01670     -0.220 274.736123  0.000e+00
    21.2349    0.01644     -0.220 274.736181  0.000e+00
    21.2664    0.01614     -0.220 274.736238  0.000e+00
    21.3556    0.01596     -0.220 274.736296  0.000e+00
    21.4055    0.01566     -0.220 274.736354  0.000e+00
    21.4357    0.01527     -0.220 274.736412  0.000e+00
    21.4103    0.01478     -0.224 274.736470  0.000e+00
    21.2861    0.01419     -0.222 274.736528  0.000e+00
    21.2073    0.01366     -0.224 274.736586  0.000e+00
    21.1396    0.01309     -0.224 274.736644  0.000e+00
    21.0292    0.01324     -0.225 274.736701  0.000e+00
    21.0151    0.01324     -0.225 274.736759  0.000e+00
    21.0269    0.01348     -0.224 274.736817  0.000e+00
    21.0333    0.01430     -0.220 274.736875  0.000e+00
    20.9693    0.01709     -0.213 274.736933  0.000e+00
    20.9136    0.01517     -0.224 274.736991  0.000e+00
    20.9386    0.01307     -0.213 274.737049  0.000e+00
    20.9236    0.01221     -0.225 274.737106  0.000e+00
    20.9435    0.01180     -0.218 274.737164  0.000e+00
    20.8849    0.01150     -0.225 274.737222  0.000e+00
    20.8473    0.01169     -0.220 274.737280  0.000e+00
    20.8426    0.01171     -0.227 274.737338  0.000e+00
    20.8625    0.01147     -0.216 274.737396  0.000e+00
    20.8458    0.01143     -0.225 274.737454  0.000e+00
    20.9255    0.01073     -0.227 274.737512  0.000e+00
    20.9689    0.01051     -0.222 274.737569  0.000e+00
    21.0350    0.01022     -0.225 274.737627  0.000e+00
    21.0105    0.01002     -0.216 274.737685  0.000e+00
    21.0191    0.00976     -0.225 274.737743  0.000e+00
    21.0426    0.00952     -0.222 274.737801  0.000e+00
    21.1922    0.00930     -0.224 274.737859  0.000e+00
    21.2711    0.00909     -0.229 274.737917  0.000e+00
    21.2926    0.00893     -0.222 274.737975  0.000e+00
    21.3424    0.00879     -0.225 274.738032  0.000e+00
    21.4265    0.00868     -0.227 274.738090  0.000e+00
    21.4350    0.00855     -0.225 274.738148  0.000e+00
    21.5654    0.00843     -0.225 274.738206  0.000e+00
    21.6419    0.00831     -0.225 274.738264  0.000e+00
    21.7241    0.00820     -0.227 274.738322  0.000e+00
    21.7857    0.00808     -0.225 274.738380  0.000e+00
    21.8631    0.00802     -0.225 274.738437  0.000e+00
    21.9173    0.00787     -0.224 274.738495  0.000e+00
    21.9565    0.00781     -0.227 274.738553  0.000e+00
    21.9997    0.00776     -0.225 274.738611  0.000e+00
    22.0498    0.00769     -0.227 274.738669  0.000e+00
    22.0871    0.00765     -0.224 274.738727  0.000e+00
    22.1219    0.00757     -0.225 274.738785  0.000e+00
    22.1649    0.00751     -0.227 274.738843  0.000e+00
    22.2014    0.00745     -0.227 274.738900  0.000e+00
    22.2331    0.00742     -0.229 274.738958  0.000e+00
    22.2593    0.00738     -0.231 274.739016  0.000e+00
    22.2764    0.00736     -0.229 274.739074  0.000e+00
    22.3014    0.00733     -0.227 274.739132  0.000e+00
    22.2817    0.00728     -0.227 274.739190  0.000e+00
    22.3116    0.00726     -0.229 274.739248  0.000e+00
    22.3407    0.00722     -0.227 274.739306  0.000e+00
    22.4128    0.00719     -0.229 274.739363  0.000e+00
    22.3999    0.00713     -0.227 274.739421  0.000e+00
    22.4339    0.00711     -0.227 274.739479  0.000e+00
    22.4915    0.00705     -0.229 274.739537  0.000e+00
    22.5413    0.00699     -0.229 274.739595  0.000e+00
    22.5706    0.00696     -0.225 274.739653  0.000e+00
    22.4955    0.00689     -0.227 274.739711  0.000e+00
    22.5327    0.00677     -0.229 274.739769  0.000e+00
    22.5205    0.00675     -0.227 274.739826  0.000e+00
    22.4189    0.00650     -0.225 274.739884  0.000e+00
    22.3827    0.00632     -0.227 274.739942  0.000e+00
    22.3058    0.00622     -0.227 274.740000  0.000e+00
    22.2685    0.00475     -0.227 274.740058  0.000e+00
    22.2281    0.00465     -0.227 274.740116  0.000e+00
    22.2292    0.00456     -0.227 274.740174  0.000e+00
    22.2824    0.00453     -0.225 274.740231  0.000e+00
    22.3041    0.00451     -0.227 274.740289  0.000e+00
    22.3052    0.00452     -0.231 274.740347  0.000e+00
    22.3013    0.00451     -0.229 274.740405  0.000e+00
    22.2927    0.00451     -0.229 274.740463  0.000e+00
    22.3016    0.00450     -0.231 274.740521  0.000e+00
    22.3273    0.00449     -0.234 274.740579  0.000e+00
    22.3414    0.00448     -0.234 274.740637  0.000e+00
    22.3461    0.00447     -0.232 274.740694  0.000e+00
    22.3737    0.00445     -0.236 274.740752  0.000e+00
    22.4007    0.00443     -0.236 274.740810  0.000e+00
    22.3632    0.00443     -0.236 274.740868  0.000e+00
    22.2855    0.00442     -0.236 274.740926  0.000e+00
    22.2148    0.00438     -0.238 274.740984  0.000e+00
    22.1604    0.00438     -0.238 274.741042  0.000e+00
    22.1177    0.00437     -0.234 274.741100  0.000e+00
    22.0704    0.00436     -0.234 274.741157  0.000e+00
    22.0479    0.00434     -0.234 274.741215  0.000e+00
    22.0083    0.00433     -0.236 274.741273  0.000e+00
    21.9908    0.00432     -0.236 274.741331  0.000e+00
    22.0005    0.00432     -0.236 274.741389  0.000e+00
    21.9905    0.00431     -0.236 274.741447  0.000e+00
    21.9893    0.00430     -0.234 274.741505  0.000e+00
    21.9961    0.00429     -0.234 274.741562  0.000e+00
    21.9706    0.00426     -0.238 274.741620  0.000e+00
    21.9531    0.00421     -0.236 274.741678  0.000e+00
    21.9383    0.00411     -0.236 274.741736  0.000e+00
    21.9372    0.00399     -0.236 274.741794  0.000e+00
    21.9496    0.00392     -0.236 274.741852  0.000e+00
    21.9658    0.00384     -0.236 274.741910  0.000e+00
    21.9525    0.00376     -0.236 274.741968  0.000e+00
    21.9520    0.00373     -0.234 274.742025  0.000e+00
    21.9445    0.00372     -0.236 274.742083  0.000e+00
    21.9248    0.00372     -0.234 274.742141  0.000e+00
    21.9357    0.00370     -0.234 274.742199  0.000e+00
    21.9445    0.00369     -0.234 274.742257  0.000e+00
    21.9513    0.00368     -0.224 274.742315  0.000e+00
    22.0537    0.00366     -0.224 274.742373  0.000e+00
    22.0525    0.00365     -0.224 274.742431  0.000e+00
    22.0442    0.00365     -0.224 274.742488  0.000e+00
    22.0983    0.00365     -0.224 274.742546  0.000e+00
    22.0909    0.00365     -0.224 274.742604  0.000e+00
    22.0821    0.00365     -0.224 274.742662  0.000e+00
    22.0486    0.00363     -0.224 274.742720  0.000e+00
    22.0876    0.00363     -0.224 274.742778  0.000e+00
    22.1218    0.00363     -0.224 274.742836  0.000e+00
    22.1675    0.00362     -0.224 274.742894  0.000e+00
    22.0853    0.00362     -0.224 274.742951  0.000e+00
    22.0925    0.00362     -0.224 274.743009  0.000e+00
    22.1182    0.00362     -0.225 274.743067  0.000e+00
    22.0988    0.00361     -0.224 274.743125  0.000e+00
    22.0592    0.00360     -0.224 274.743183  0.000e+00
    22.0137    0.00359     -0.224 274.743241  0.000e+00
    22.0411    0.00359     -0.224 274.743299  0.000e+00
    22.0594    0.00359     -0.224 274.743356  0.000e+00
    22.0612    0.00359     -0.224 274.743414  0.000e+00
    22.0395    0.00359     -0.224 274.743472  0.000e+00
    22.0689    0.00359     -0.222 274.743530  0.000e+00
    22.0942    0.00358     -0.222 274.743588  0.000e+00
    22.0704    0.00357     -0.224 274.743646  0.000e+00
    22.0622    0.00357     -0.224 274.743704  0.000e+00
    22.0021    0.00357     -0.222 274.743762  0.000e+00
    21.9843    0.00357     -0.224 274.743819  0.000e+00
    21.9754    0.00357     -0.222 274.743877  0.000e+00
    22.0311    0.00357     -0.229 274.743935  0.000e+00
    22.0775    0.00448     -0.258 274.743993  0.000e+00
    22.1532    0.00488     -0.258 274.744051  0.000e+00
    22.1781    0.00512     -0.258 274.744109  0.000e+00
    22.1836    0.00528     -0.259 274.744167  0.000e+00
    22.1795    0.02363     -0.229 274.744225  0.000e+00
    22.1805    0.01582     -0.225 274.744282  0.000e+00
    22.1832    0.01861     -0.224 274.744340  0.000e+00
    22.1942    0.01530     -0.231 274.744398  0.000e+00
    22.1950    0.01354     -0.234 274.744456  0.000e+00
    22.1528    0.01263     -0.247 274.744514  0.000e+00
    22.1285    0.01229     -0.259 274.744572  0.000e+00
    22.1078    0.01246     -0.258 274.744630  0.000e+00
    22.0875    0.01262     -0.259 274.744688  0.000e+00
    22.0693    0.01263     -0.258 274.744745  0.000e+00
    22.0573    0.01252     -0.258 274.744803  0.000e+00
    22.0547    0.01248     -0.258 274.744861  0.000e+00
    22.0658    0.01237     -0.258 274.744919  0.000e+00
    22.0779    0.01228     -0.258 274.744977  0.000e+00
    22.0739    0.01217     -0.258 274.745035  0.000e+00
    22.0611    0.01196     -0.259 274.745093  0.000e+00
    22.0544    0.01174     -0.259 274.745150  0.000e+00
    22.0499    0.01156     -0.258 274.745208  0.000e+00
    22.0474    0.01141     -0.259 274.745266  0.000e+00
    22.0419    0.01126     -0.258 274.745324  0.000e+00
    22.0540    0.01112     -0.258 274.745382  0.000e+00
    22.0572    0.01087     -0.258 274.745440  0.000e+00
    22.0708    0.01059     -0.258 274.745498  0.000e+00
    22.0948    0.01040     -0.258 274.745556  0.000e+00
    22.1013    0.01020     -0.258 274.745613  0.000e+00
    22.0933    0.01000     -0.258 274.745671  0.000e+00
    22.0881    0.00971     -0.258 274.745729  0.000e+00
    22.0776    0.00937     -0.258 274.745787  0.000e+00
    22.0942    0.00918     -0.258 274.745845  0.000e+00
    22.0870    0.00900     -0.258 274.745903  0.000e+00
    22.0685    0.00881     -0.258 274.745961  0.000e+00
    22.0639    0.00869     -0.258 274.746019  0.000e+00
    22.0585    0.00858     -0.258 274.746076  0.000e+00
    22.0614    0.00849     -0.259 274.746134  0.000e+00
    22.0603    0.00843     -0.259 274.746192  0.000e+00
    22.0665    0.00835     -0.258 274.746250  0.000e+00
    22.0576    0.00825     -0.258 274.746308  0.000e+00
    22.0439    0.00818     -0.258 274.746366  0.000e+00
    22.0450    0.00811     -0.258 274.746424  0.000e+00
    22.0316    0.00789     -0.258 274.746481  0.000e+00
    22.0224    0.00777     -0.258 274.746539  0.000e+00
    22.0244    0.00755     -0.258 274.746597  0.000e+00
    22.0246    0.00738     -0.258 274.746655  0.000e+00
    22.0302    0.00722     -0.259 274.746713  0.000e+00
    22.0278    0.00707     -0.258 274.746771  0.000e+00
    22.0207    0.00694     -0.258 274.746829  0.000e+00
    22.0168    0.00673     -0.258 274.746887  0.000e+00
    22.0033    0.00657     -0.258 274.746944  0.000e+00
    21.9895    0.00645     -0.259 274.747002  0.000e+00
    21.9789    0.00637     -0.258 274.747060  0.000e+00
    21.9758    0.00633     -0.258 274.747118  0.000e+00
    21.9623    0.00631     -0.259 274.747176  0.000e+00
    21.9597    0.00622     -0.258 274.747234  0.000e+00
    21.9731    0.00614     -0.258 274.747292  0.000e+00
    21.9842    0.00608     -0.258 274.747350  0.000e+00
    22.0003    0.00605     -0.258 274.747407  0.000e+00
    21.9946    0.00603     -0.258 274.747465  0.000e+00
    21.9985    0.00597     -0.258 274.747523  0.000e+00
    21.9948    0.00595     -0.258 274.747581  0.000e+00
    21.9965    0.00593     -0.259 274.747639  0.000e+00
    21.9910    0.00587     -0.259 274.747697  0.000e+00
    21.9855    0.00584     -0.258 274.747755  0.000e+00
    21.9824    0.00580     -0.259 274.747813  0.000e+00
    21.9838    0.00572     -0.259 274.747870  0.000e+00
    21.9951    0.00573     -0.259 274.747928  0.000e+00
    21.9867    0.00568     -0.258 274.747986  0.000e+00
    21.9778    0.00566     -0.259 274.748044  0.000e+00
    21.9708    0.00567     -0.259 274.748102  0.000e+00
    21.9648    0.00563     -0.259 274.748160  0.000e+00
    21.9721    0.00561     -0.259 274.748218  0.000e+00
    21.9662    0.00558     -0.258 274.748275  0.000e+00
    21.9650    0.00557     -0.259 274.748333  0.000e+00
    21.9488    0.00559     -0.259 274.748391  0.000e+00
    21.9483    0.00556     -0.258 274.748449  0.000e+00
    21.9465    0.00556     -0.258 274.748507  0.000e+00
    21.9545    0.00555     -0.259 274.748565  0.000e+00
    21.9661    0.00553     -0.259 274.748623  0.000e+00
    21.9821    0.00553     -0.259 274.748681  0.000e+00
    21.9946    0.00550     -0.258 274.748738  0.000e+00
    22.0034    0.00546     -0.259 274.748796  0.000e+00
    21.9899    0.00544     -0.259 274.748854  0.000e+00
    21.9783    0.00542     -0.259 274.748912  0.000e+00
    21.9876    0.00543     -0.259 274.748970  0.000e+00
    21.9798    0.00541     -0.259 274.749028  0.000e+00
    21.9872    0.00544     -0.259 274.749086  0.000e+00
    22.0006    0.00546     -0.259 274.749144  0.000e+00
    22.0131    0.00546     -0.259 274.749201  0.000e+00
    22.0054    0.00548     -0.259 274.749259  0.000e+00
    22.0102    0.00544     -0.258 274.749317  0.000e+00
    22.0090    0.00538     -0.258 274.749375  0.000e+00
    22.0062    0.00540     -0.258 274.749433  0.000e+00
    21.9921    0.00535     -0.259 274.749491  0.000e+00
    21.9906    0.00533     -0.259 274.749549  0.000e+00
