data/raw/01-10-17/1-10-2017_processed.cnv
* Sea-Bird SBE37 Data File:
* FileName = D:\Prof-Arnaldo\CTD-LAGOA_1_10_2017\1-10-2017.asc
* Software Version 1.59
* Temperature SN = 2603
* Conductivity SN = 2603
* System UpLoad Time = Oct 01 2017 18:04:55
* ds
* SBE37-SM V 2.2  SERIAL NO. 2603    01 Oct 2017  17:59:48
# nquan = 9                                 
# nvalues = 3116                        
# units = metric
# name 0 = t090: temperature, ITS-90 [deg C]
# name 1 = c0S/m: conductivity [S/m]
# name 2 = pr: pressure [db]
# name 3 = timeJ: time [julian days]
# name 4 = potemp090C: Potential Temperature [ITS-90, deg C]
# name 5 = sal00: Salinity, Practical [PSU]
# name 6 = depSM: Depth [salt water, m], lat = 28.48
# name 7 = sigma-t00: Density [sigma-t, kg/m^3 ]
# name 8 = flag: flag
# span 0 =    18.9190,    29.0011       
# span 1 =   0.000080,   4.759860       
# span 2 =     -0.259,      8.891       
# span 3 = 274.569271, 274.749549       
# span 4 =    18.9179,    29.0011       
# span 5 =     0.0104,    35.4087       
# span 6 =     -0.257,      8.831       
# span 7 =    -4.0439,    25.2819       
# span 8 = 0.0000e+00, 0.0000e+00       
# interval = seconds: 5
# start_time = Oct 01 2017 13:39:45
# bad_flag = -9.990e-29
*END*
[from data line 2561]
    21.8464   0.006020     -0.220 274.717488    21.8464     0.0352     -0.219    -2.1665 0.0000e+00
    21.7388   0.006010     -0.218 274.717546    21.7388     0.0352     -0.217    -2.1423 0.0000e+00
    21.7279   0.005980     -0.216 274.717604    21.7279     0.0351     -0.215    -2.1400 0.0000e+00
    21.7478   0.005980     -0.220 274.717662    21.7478     0.0351     -0.219    -2.1445 0.0000e+00
    21.7546   0.006020     -0.216 274.717720    21.7546     0.0352     -0.215    -2.1459 0.0000e+00
    21.7612   0.006020     -0.222 274.717778    21.7612     0.0352     -0.221    -2.1473 0.0000e+00
    21.7741   0.006050     -0.218 274.717836    21.7741     0.0354     -0.217    -2.1501 0.0000e+00
    21.8278   0.006100     -0.218 274.717894    21.8278     0.0356     -0.217    -2.1621 0.0000e+00
    21.7887   0.006110     -0.220 274.717951    21.7887     0.0356     -0.219    -2.1532 0.0000e+00
    21.7259   0.006120     -0.222 274.718009    21.7259     0.0357     -0.221    -2.1391 0.0000e+00
    21.7625   0.006160     -0.222 274.718067    21.7625     0.0359     -0.221    -2.1471 0.0000e+00
    21.7902   0.006160     -0.216 274.718125    21.7902     0.0359     -0.215    -2.1534 0.0000e+00
    21.7648   0.006420     -0.218 274.718183    21.7648     0.0371     -0.217    -2.1467 0.0000e+00
    21.7510   0.006570     -0.218 274.718241    21.7510     0.0378     -0.217    -2.1431 0.0000e+00
    21.6939   0.006600     -0.222 274.718299    21.6939     0.0380     -0.221    -2.1302 0.0000e+00
    21.6582   0.006580     -0.216 274.718356    21.6582     0.0379     -0.215    -2.1222 0.0000e+00
    21.6675   0.006540     -0.222 274.718414    21.6675     0.0377     -0.221    -2.1245 0.0000e+00
    21.6584   0.006560     -0.222 274.718472    21.6584     0.0378     -0.221    -2.1223 0.0000e+00
    21.8144   0.024190     -0.222 274.718530    21.8144     0.1246     -0.221    -2.0912 0.0000e+00
    21.5420   0.016870     -0.227 274.718588    21.5420     0.0882     -0.225    -2.0579 0.0000e+00
    21.4229   0.015300     -0.218 274.718646    21.4229     0.0806     -0.217    -2.0373 0.0000e+00
    21.4260   0.015080     -0.220 274.718704    21.4260     0.0795     -0.219    -2.0389 0.0000e+00
    21.4200   0.024420     -0.222 274.718762    21.4200     0.1268     -0.221    -2.0014 0.0000e+00
    21.4238   0.021480     -0.222 274.718819    21.4238     0.1117     -0.221    -2.0137 0.0000e+00
    21.4579   0.020250     -0.220 274.718877    21.4579     0.1054     -0.219    -2.0261 0.0000e+00
    21.4760   0.020620     -0.222 274.718935    21.4760     0.1073     -0.221    -2.0287 0.0000e+00
    21.4923   0.020260     -0.222 274.718993    21.4923     0.1054     -0.221    -2.0338 0.0000e+00
    21.5216   0.021660     -0.213 274.719051    21.5216     0.1124     -0.212    -2.0349 0.0000e+00
    21.5729   0.022740     -0.218 274.719109    21.5729     0.1178     -0.217    -2.0422 0.0000e+00
    21.5666   0.017070     -0.224 274.719167    21.5666     0.0892     -0.223    -2.0626 0.0000e+00
    21.6020   0.014530     -0.220 274.719225    21.6020     0.0765     -0.219    -2.0802 0.0000e+00
    21.5969   0.013850     -0.224 274.719282    21.5969     0.0731     -0.223    -2.0817 0.0000e+00
    21.6129   0.015170     -0.216 274.719340    21.6129     0.0796     -0.215    -2.0803 0.0000e+00
    21.6328   0.014690     -0.213 274.719398    21.6328     0.0772     -0.212    -2.0865 0.0000e+00
    21.6639   0.014350     -0.213 274.719456    21.6639     0.0755     -0.212    -2.0948 0.0000e+00
    21.6748   0.013520     -0.220 274.719514    21.6748     0.0714     -0.219    -2.1004 0.0000e+00
    21.6913   0.013260     -0.220 274.719572    21.6913     0.0701     -0.219    -2.1051 0.0000e+00
    21.6490   0.013090     -0.225 274.719630    21.6490     0.0693     -0.223    -2.0962 0.0000e+00
    21.6191   0.012360     -0.225 274.719687    21.6191     0.0658     -0.223    -2.0922 0.0000e+00
    21.6459   0.011940     -0.218 274.719745    21.6459     0.0637     -0.217    -2.0998 0.0000e+00
    21.6789   0.011590     -0.218 274.719803    21.6789     0.0619     -0.217    -2.1085 0.0000e+00
    21.6753   0.011370     -0.216 274.719861    21.6753     0.0609     -0.215    -2.1085 0.0000e+00
    21.6326   0.011200     -0.218 274.719919    21.6326     0.0601     -0.217    -2.0996 0.0000e+00
    21.6076   0.010960     -0.220 274.719977    21.6076     0.0589     -0.219    -2.0949 0.0000e+00
    21.6277   0.012050     -0.224 274.720035    21.6277     0.0642     -0.223    -2.0953 0.0000e+00
    21.6512   0.012460     -0.218 274.720093    21.6512     0.0662     -0.217    -2.0991 0.0000e+00
    21.6443   0.011590     -0.216 274.720150    21.6443     0.0620     -0.215    -2.1008 0.0000e+00
    21.5974   0.010790     -0.213 274.720208    21.5974     0.0581     -0.212    -2.0932 0.0000e+00
    21.5965   0.010380     -0.222 274.720266    21.5965     0.0561     -0.221    -2.0946 0.0000e+00
    21.5925   0.010270     -0.218 274.720324    21.5925     0.0556     -0.217    -2.0941 0.0000e+00
    21.5944   0.010170     -0.206 274.720382    21.5944     0.0551     -0.205    -2.0949 0.0000e+00
    21.5680   0.010170     -0.206 274.720440    21.5680     0.0551     -0.205    -2.0890 0.0000e+00
    21.5718   0.010510     -0.213 274.720498    21.5718     0.0568     -0.212    -2.0886 0.0000e+00
    21.6037   0.010940     -0.211 274.720556    21.6037     0.0588     -0.210    -2.0941 0.0000e+00
    21.6141   0.010890     -0.216 274.720613    21.6141     0.0586     -0.215    -2.0966 0.0000e+00
    21.6266   0.010570     -0.225 274.720671    21.6266     0.0570     -0.223    -2.1006 0.0000e+00
    21.6794   0.010420     -0.209 274.720729    21.6794     0.0562     -0.208    -2.1130 0.0000e+00
    21.6847   0.010140     -0.218 274.720787    21.6847     0.0549     -0.217    -2.1152 0.0000e+00
    21.6787   0.009840     -0.220 274.720845    21.6787     0.0534     -0.219    -2.1150 0.0000e+00
    21.6971   0.009600     -0.211 274.720903    21.6971     0.0523     -0.210    -2.1200 0.0000e+00
    21.7344   0.009390     -0.220 274.720961    21.7344     0.0512     -0.219    -2.1291 0.0000e+00
    21.7751   0.009230     -0.218 274.721019    21.7751     0.0504     -0.217    -2.1389 0.0000e+00
    21.8666   0.008990     -0.215 274.721076    21.8666     0.0492     -0.214    -2.1604 0.0000e+00
    21.8539   0.008750     -0.216 274.721134    21.8539     0.0481     -0.215    -2.1584 0.0000e+00
    21.8933   0.008600     -0.209 274.721192    21.8933     0.0473     -0.208    -2.1679 0.0000e+00
    21.8975   0.008290     -0.218 274.721250    21.8975     0.0459     -0.217    -2.1700 0.0000e+00
    21.8641   0.008050     -0.216 274.721308    21.8641     0.0447     -0.215    -2.1633 0.0000e+00
    21.8450   0.007820     -0.216 274.721366    21.8450     0.0437     -0.215    -2.1598 0.0000e+00
    21.8383   0.007710     -0.218 274.721424    21.8383     0.0431     -0.217    -2.1587 0.0000e+00
    21.8390   0.007180     -0.216 274.721481    21.8390     0.0406     -0.215    -2.1607 0.0000e+00
    21.7779   0.007070     -0.213 274.721539    21.7779     0.0401     -0.212    -2.1473 0.0000e+00
    21.7695   0.006910     -0.216 274.721597    21.7695     0.0394     -0.215    -2.1460 0.0000e+00
    21.7881   0.006820     -0.213 274.721655    21.7881     0.0390     -0.212    -2.1505 0.0000e+00
    21.7791   0.006770     -0.216 274.721713    21.7791     0.0387     -0.215    -2.1487 0.0000e+00
    21.8113   0.006700     -0.216 274.721771    21.8113     0.0384     -0.215    -2.1562 0.0000e+00
    21.8412   0.006660     -0.216 274.721829    21.8412     0.0382     -0.215    -2.1631 0.0000e+00
    21.8864   0.006580     -0.216 274.721887    21.8864     0.0378     -0.215    -2.1736 0.0000e+00
    21.8637   0.006400     -0.215 274.721944    21.8637     0.0370     -0.214    -2.1691 0.0000e+00
    21.8491   0.006400     -0.218 274.722002    21.8491     0.0370     -0.217    -2.1658 0.0000e+00
    21.8977   0.006400     -0.216 274.722060    21.8977     0.0370     -0.215    -2.1768 0.0000e+00
    21.9028   0.006370     -0.216 274.722118    21.9028     0.0368     -0.215    -2.1780 0.0000e+00
    21.8868   0.006340     -0.216 274.722176    21.8868     0.0367     -0.215    -2.1745 0.0000e+00
    21.8785   0.006270     -0.215 274.722234    21.8785     0.0364     -0.214    -2.1729 0.0000e+00
    21.9042   0.006190     -0.218 274.722292    21.9042     0.0360     -0.217    -2.1790 0.0000e+00
    21.8741   0.006210     -0.216 274.722350    21.8741     0.0361     -0.215    -2.1721 0.0000e+00
    21.8722   0.006190     -0.218 274.722407    21.8722     0.0360     -0.217    -2.1718 0.0000e+00
    21.8668   0.006170     -0.218 274.722465    21.8668     0.0359     -0.217    -2.1706 0.0000e+00
    21.8873   0.006150     -0.218 274.722523    21.8873     0.0358     -0.217    -2.1753 0.0000e+00
    21.9176   0.006130     -0.216 274.722581    21.9176     0.0357     -0.215    -2.1822 0.0000e+00
    21.9458   0.006120     -0.213 274.722639    21.9458     0.0356     -0.212    -2.1887 0.0000e+00
    21.9923   0.006090     -0.216 274.722697    21.9923     0.0355     -0.215    -2.1993 0.0000e+00
    21.9989   0.006080     -0.216 274.722755    21.9989     0.0354     -0.215    -2.2009 0.0000e+00
    21.9952   0.006060     -0.215 274.722812    21.9952     0.0353     -0.214    -2.2001 0.0000e+00
    21.9432   0.006040     -0.218 274.722870    21.9432     0.0353     -0.217    -2.1884 0.0000e+00
    21.9130   0.006030     -0.213 274.722928    21.9130     0.0352     -0.212    -2.1816 0.0000e+00
    21.8981   0.006010     -0.216 274.722986    21.8981     0.0351     -0.215    -2.1783 0.0000e+00
    21.8806   0.005990     -0.216 274.723044    21.8806     0.0351     -0.215    -2.1744 0.0000e+00
    21.8639   0.005960     -0.215 274.723102    21.8639     0.0349     -0.214    -2.1707 0.0000e+00
    21.8884   0.005940     -0.213 274.723160    21.8884     0.0348     -0.212    -2.1763 0.0000e+00
    21.7981   0.005900     -0.216 274.723218    21.7981     0.0347     -0.215    -2.1561 0.0000e+00
    21.8560   0.005900     -0.215 274.723275    21.8560     0.0346     -0.214    -2.1691 0.0000e+00
    21.8878   0.005890     -0.215 274.723333    21.8878     0.0346     -0.214    -2.1764 0.0000e+00
    21.9148   0.005870     -0.215 274.723391    21.9148     0.0345     -0.214    -2.1825 0.0000e+00
    21.9244   0.005530     -0.216 274.723449    21.9244     0.0329     -0.215    -2.1859 0.0000e+00
    21.9233   0.005480     -0.224 274.723507    21.9233     0.0327     -0.223    -2.1858 0.0000e+00
    21.9933   0.005400     -0.224 274.723565    21.9933     0.0323     -0.223    -2.2020 0.0000e+00
    22.0554   0.005340     -0.224 274.723623    22.0554     0.0320     -0.223    -2.2163 0.0000e+00
    22.0888   0.005290     -0.222 274.723681    22.0888     0.0318     -0.221    -2.2241 0.0000e+00
    22.1615   0.005160     -0.224 274.723738    22.1615     0.0312     -0.223    -2.2412 0.0000e+00
    22.2426   0.005120     -0.220 274.723796    22.2426     0.0310     -0.219    -2.2599 0.0000e+00
    22.2025   0.005130     -0.216 274.723854    22.2025     0.0310     -0.215    -2.2507 0.0000e+00
    22.1192   0.005180     -0.225 274.723912    22.1192     0.0313     -0.223    -2.2314 0.0000e+00
    22.0646   0.005120     -0.215 274.723970    22.0646     0.0310     -0.214    -2.2192 0.0000e+00
    22.9202   4.049910     -0.040 274.724028    22.9202    27.1034     -0.040    17.9791 0.0000e+00
    22.9136   4.048200     -0.051 274.724086    22.9136    27.0947     -0.051    17.9744 0.0000e+00
    22.9117   4.047820     -0.044 274.724144    22.9117    27.0930     -0.044    17.9737 0.0000e+00
    22.9145   4.048360     -0.060 274.724201    22.9145    27.0953     -0.060    17.9746 0.0000e+00
    22.9128   4.048330     -0.044 274.724259    22.9128    27.0961     -0.044    17.9757 0.0000e+00
    22.9091   4.048690     -0.065 274.724317    22.9091    27.1011     -0.065    17.9805 0.0000e+00
    22.9102   4.048980     -0.051 274.724375    22.9102    27.1026     -0.051    17.9813 0.0000e+00
    22.9083   4.049110     -0.033 274.724433    22.9083    27.1047     -0.033    17.9834 0.0000e+00
    22.9060   4.049350      0.116 274.724491    22.9060    27.1079      0.115    17.9865 0.0000e+00
    22.9106   4.050290      0.136 274.724549    22.9106    27.1120      0.135    17.9883 0.0000e+00
    22.9127   4.048830      0.269 274.724606    22.9126    27.0998      0.267    17.9785 0.0000e+00
    22.9128   4.050270      0.275 274.724664    22.9127    27.1105      0.273    17.9866 0.0000e+00
    22.9102   4.048720      0.395 274.724722    22.9101    27.1005      0.392    17.9797 0.0000e+00
    22.9097   4.047350      0.456 274.724780    22.9096    27.0906      0.453    17.9724 0.0000e+00
    22.9099   4.046110      0.550 274.724838    22.9098    27.0812      0.546    17.9653 0.0000e+00
    22.9095   4.045880      0.642 274.724896    22.9094    27.0798      0.638    17.9642 0.0000e+00
    22.9108   4.045840      0.674 274.724954    22.9107    27.0787      0.669    17.9630 0.0000e+00
    22.9098   4.045790      0.816 274.725012    22.9096    27.0789      0.811    17.9635 0.0000e+00
    22.9084   4.045700      0.827 274.725069    22.9082    27.0790      0.821    17.9640 0.0000e+00
    22.9075   4.045630      0.918 274.725127    22.9073    27.0791      0.912    17.9643 0.0000e+00
    22.9101   4.045400      0.999 274.725185    22.9099    27.0757      0.992    17.9610 0.0000e+00
    22.9082   4.045360      1.053 274.725243    22.9080    27.0766      1.046    17.9622 0.0000e+00
    22.9045   4.045630      1.149 274.725301    22.9043    27.0808      1.141    17.9664 0.0000e+00
    22.9062   4.045790      1.231 274.725359    22.9060    27.0810      1.223    17.9661 0.0000e+00
    22.9069   4.045840      1.318 274.725417    22.9066    27.0809      1.309    17.9658 0.0000e+00
    22.9027   4.045840      1.399 274.725475    22.9024    27.0834      1.390    17.9689 0.0000e+00
    22.9032   4.045870      1.503 274.725532    22.9029    27.0833      1.493    17.9687 0.0000e+00
    22.9026   4.045740      1.521 274.725590    22.9023    27.0827      1.511    17.9684 0.0000e+00
    22.9020   4.045750      1.501 274.725648    22.9017    27.0832      1.491    17.9689 0.0000e+00
    22.9015   4.045720      1.512 274.725706    22.9012    27.0833      1.502    17.9691 0.0000e+00
    22.9008   4.045620      1.555 274.725764    22.9005    27.0829      1.545    17.9690 0.0000e+00
    22.9055   4.044800      1.424 274.725822    22.9052    27.0740      1.414    17.9610 0.0000e+00
    22.9042   4.044350      1.372 274.725880    22.9039    27.0714      1.363    17.9594 0.0000e+00
    22.9040   4.044060      1.312 274.725937    22.9037    27.0694      1.303    17.9579 0.0000e+00
    22.9115   4.044330      1.084 274.725995    22.9113    27.0669      1.077    17.9540 0.0000e+00
    22.9161   4.044400      0.848 274.726053    22.9159    27.0646      0.842    17.9510 0.0000e+00
    22.9106   4.044210      0.708 274.726111    22.9105    27.0666      0.703    17.9540 0.0000e+00
    22.9169   4.044360      0.330 274.726169    22.9168    27.0640      0.328    17.9503 0.0000e+00
    22.9085   4.044560     -0.017 274.726227    22.9085    27.0707     -0.017    17.9577 0.0000e+00
    22.8565   0.574370     -0.213 274.726285    22.8565     3.2563     -0.212     0.0371 0.0000e+00
    22.6646   0.153050     -0.227 274.726343    22.6646     0.8082     -0.225    -1.7674 0.0000e+00
    22.4808   0.089280     -0.213 274.726400    22.4808     0.4629     -0.212    -1.9864 0.0000e+00
    22.3878   0.056760     -0.216 274.726458    22.3878     0.2908     -0.215    -2.0956 0.0000e+00
    22.2571   0.042480     -0.245 274.726516    22.2571     0.2170     -0.243    -2.1216 0.0000e+00
    22.1350   0.031130     -0.245 274.726574    22.1350     0.1590     -0.243    -2.1377 0.0000e+00
    22.0209   0.018350     -0.236 274.726632    22.0209     0.0948     -0.234    -2.1606 0.0000e+00
