data/raw/01-10-17/1-10-2017_processed.cnv
* Sea-Bird SBE37 Data File:
* FileName = D:\Prof-Arnaldo\CTD-LAGOA_1_10_2017\1-10-2017.asc
* Software Version 1.59
* Temperature SN = 2603
* Conductivity SN = 2603
* System UpLoad Time = Oct 01 2017 18:04:55
* ds
* SBE37-SM V 2.2  SERIAL NO. 2603    01 Oct 2017  17:59:48
# nquan = 9                                 
# nvalues = 3116                        
# units = metric
# name 0 = t090: temperature, ITS-90 [deg C]
# name 1 = c0S/m: conductivity [S/m]
# name 2 = pr: pressure [db]
# name 3 = timeJ: time [julian days]
# name 4 = potemp090C: Potential Temperature [ITS-90, deg C]
# name 5 = sal00: Salinity, Practical [PSU]
# name 6 = depSM: Depth [salt water, m], lat = 28.48
# name 7 = sigma-t00: Density [sigma-t, kg/m^3 ]
# name 8 = flag: flag
# span 0 =    18.9190,    29.0011       
# span 1 =   0.000080,   4.759860       
# span 2 =     -0.259,      8.891       
# span 3 = 274.569271, 274.749549       
# span 4 =    18.9179,    29.0011       
# span 5 =     0.0104,    35.4087       
# span 6 =     -0.257,      8.831       
# span 7 =    -4.0439,    25.2819       
# span 8 = 0.0000e+00, 0.0000e+00       
# interval = seconds: 5
# start_time = Oct 01 2017 13:39:45
# bad_flag = -9.990e-29
*END*
[from data line 1121]
    20.5110   0.078000     -0.220 274.634155    20.5110     0.4205     -0.219    -1.5803 0.0000e+00
    20.5769   0.052360     -0.200 274.634213    20.5769     0.2785     -0.199    -1.7026 0.0000e+00
    20.7368   0.026770     -0.206 274.634271    20.7368     0.1408     -0.205    -1.8419 0.0000e+00
    20.8512   0.020980     -0.207 274.634329    20.8512     0.1104     -0.206    -1.8897 0.0000e+00
    20.8408   0.018500     -0.209 274.634387    20.8408     0.0977     -0.208    -1.8972 0.0000e+00
    20.9815   0.015990     -0.207 274.634444    20.9815     0.0847     -0.206    -1.9375 0.0000e+00
    21.0262   0.013930     -0.206 274.634502    21.0262     0.0743     -0.205    -1.9552 0.0000e+00
    21.0208   0.007280     -0.206 274.634560    21.0208     0.0415     -0.205    -1.9790 0.0000e+00
    20.9498   0.006220     -0.204 274.634618    20.9498     0.0365     -0.203    -1.9675 0.0000e+00
    20.8800   0.005690     -0.204 274.634676    20.8800     0.0340     -0.203    -1.9543 0.0000e+00
    20.8730   0.005330     -0.206 274.634734    20.8730     0.0323     -0.205    -1.9541 0.0000e+00
    20.8698   0.005010     -0.206 274.634792    20.8698     0.0308     -0.205    -1.9546 0.0000e+00
    20.9209   0.004710     -0.204 274.634850    20.9209     0.0294     -0.203    -1.9667 0.0000e+00
    20.9649   0.004480     -0.204 274.634907    20.9649     0.0283     -0.203    -1.9770 0.0000e+00
    21.0670   0.004300     -0.204 274.634965    21.0670     0.0274     -0.203    -1.9998 0.0000e+00
    21.0665   0.004110     -0.207 274.635023    21.0665     0.0266     -0.206    -2.0004 0.0000e+00
    21.0877   0.003970     -0.207 274.635081    21.0877     0.0259     -0.206    -2.0055 0.0000e+00
    21.0422   0.003850     -0.207 274.635139    21.0422     0.0254     -0.206    -1.9960 0.0000e+00
    21.0639   0.003760     -0.207 274.635197    21.0639     0.0250     -0.206    -2.0011 0.0000e+00
    21.1345   0.003690     -0.211 274.635255    21.1345     0.0246     -0.210    -2.0167 0.0000e+00
    21.1342   0.003630     -0.207 274.635313    21.1342     0.0244     -0.206    -2.0168 0.0000e+00
    21.1141   0.003570     -0.207 274.635370    21.1141     0.0241     -0.206    -2.0126 0.0000e+00
    21.1424   0.003490     -0.202 274.635428    21.1424     0.0237     -0.201    -2.0191 0.0000e+00
    21.1761   0.003380     -0.209 274.635486    21.1761     0.0232     -0.208    -2.0268 0.0000e+00
    21.1493   0.003330     -0.209 274.635544    21.1493     0.0230     -0.208    -2.0212 0.0000e+00
    21.1368   0.003280     -0.207 274.635602    21.1368     0.0228     -0.206    -2.0186 0.0000e+00
    21.2651   0.003230     -0.209 274.635660    21.2651     0.0226     -0.208    -2.0468 0.0000e+00
    21.2674   0.003180     -0.209 274.635718    21.2674     0.0223     -0.208    -2.0475 0.0000e+00
    21.3082   0.003180     -0.206 274.635775    21.3082     0.0223     -0.205    -2.0565 0.0000e+00
    21.0698   0.003180     -0.202 274.635833    21.0698     0.0223     -0.201    -2.0043 0.0000e+00
    20.9490   0.002930     -0.213 274.635891    20.9490     0.0212     -0.212    -1.9790 0.0000e+00
    20.9530   0.002960     -0.206 274.635949    20.9530     0.0214     -0.205    -1.9798 0.0000e+00
    21.0087   0.003080     -0.213 274.636007    21.0087     0.0219     -0.212    -1.9914 0.0000e+00
    21.0180   0.003590     -0.204 274.636065    21.0180     0.0242     -0.203    -1.9917 0.0000e+00
    20.9591   0.004290     -0.206 274.636123    20.9591     0.0274     -0.205    -1.9764 0.0000e+00
    20.9522   0.006940     -0.213 274.636181    20.9522     0.0399     -0.212    -1.9654 0.0000e+00
    20.9487   0.007720     -0.213 274.636238    20.9487     0.0437     -0.212    -1.9618 0.0000e+00
    20.9286   0.012670     -0.213 274.636296    20.9286     0.0681     -0.212    -1.9388 0.0000e+00
    20.8792   0.013380     -0.218 274.636354    20.8792     0.0717     -0.217    -1.9253 0.0000e+00
    20.9158   0.012030     -0.204 274.636412    20.9158     0.0649     -0.203    -1.9384 0.0000e+00
    20.9633   0.010210     -0.215 274.636470    20.9633     0.0558     -0.214    -1.9556 0.0000e+00
    20.9199   0.006660     -0.216 274.636528    20.9199     0.0386     -0.215    -1.9594 0.0000e+00
    20.9837   0.006170     -0.204 274.636586    20.9837     0.0362     -0.203    -1.9750 0.0000e+00
    21.0732   0.005230     -0.204 274.636644    21.0732     0.0318     -0.203    -1.9979 0.0000e+00
    21.0717   0.004780     -0.200 274.636701    21.0717     0.0297     -0.199    -1.9992 0.0000e+00
    21.1071   0.004220     -0.209 274.636759    21.1071     0.0271     -0.208    -2.0089 0.0000e+00
    21.0556   0.004020     -0.198 274.636817    21.0556     0.0261     -0.197    -1.9983 0.0000e+00
    21.1054   0.003810     -0.211 274.636875    21.1054     0.0252     -0.210    -2.0099 0.0000e+00
    21.1883   0.003710     -0.211 274.636933    21.1883     0.0247     -0.210    -2.0284 0.0000e+00
    21.3559   0.003750     -0.209 274.636991    21.3559     0.0249     -0.208    -2.0650 0.0000e+00
    21.3163   0.003620     -0.215 274.637049    21.3163     0.0243     -0.214    -2.0568 0.0000e+00
    21.4944   0.003390     -0.209 274.637106    21.4944     0.0233     -0.208    -2.0969 0.0000e+00
    21.6628   0.003300     -0.220 274.637164    21.6628     0.0229     -0.219    -2.1347 0.0000e+00
    21.7547   0.003280     -0.207 274.637222    21.7547     0.0228     -0.206    -2.1554 0.0000e+00
    21.8066   0.003270     -0.216 274.637280    21.8066     0.0227     -0.215    -2.1671 0.0000e+00
    21.8097   0.003260     -0.213 274.637338    21.8097     0.0227     -0.212    -2.1678 0.0000e+00
    21.7476   0.003290     -0.216 274.637396    21.7476     0.0228     -0.215    -2.1538 0.0000e+00
    21.7518   0.003390     -0.213 274.637454    21.7518     0.0233     -0.212    -2.1544 0.0000e+00
    21.5396   0.003580     -0.209 274.637512    21.5396     0.0241     -0.208    -2.1063 0.0000e+00
    21.4193   0.003320     -0.222 274.637569    21.4193     0.0230     -0.221    -2.0805 0.0000e+00
    21.2864   0.003210     -0.215 274.637627    21.2864     0.0225     -0.214    -2.0516 0.0000e+00
    21.1667   0.003270     -0.204 274.637685    21.1667     0.0227     -0.203    -2.0252 0.0000e+00
    21.0992   0.003130     -0.209 274.637743    21.0992     0.0221     -0.208    -2.0109 0.0000e+00
    21.1681   0.003040     -0.207 274.637801    21.1681     0.0217     -0.206    -2.0262 0.0000e+00
    21.1939   0.003000     -0.215 274.637859    21.1939     0.0215     -0.214    -2.0320 0.0000e+00
    21.2383   0.002960     -0.218 274.637917    21.2383     0.0214     -0.217    -2.0419 0.0000e+00
    21.1647   0.003040     -0.209 274.637975    21.1647     0.0217     -0.208    -2.0255 0.0000e+00
    21.1193   0.002980     -0.207 274.638032    21.1193     0.0214     -0.206    -2.0158 0.0000e+00
    21.1490   0.002850     -0.216 274.638090    21.1490     0.0209     -0.215    -2.0227 0.0000e+00
    21.1985   0.002790     -0.216 274.638148    21.1985     0.0206     -0.215    -2.0337 0.0000e+00
    21.2671   0.002750     -0.215 274.638206    21.2671     0.0204     -0.214    -2.0489 0.0000e+00
    21.4152   0.002750     -0.213 274.638264    21.4152     0.0204     -0.212    -2.0815 0.0000e+00
    21.4574   0.002760     -0.215 274.638322    21.4574     0.0205     -0.214    -2.0908 0.0000e+00
    21.4482   0.002700     -0.213 274.638380    21.4482     0.0202     -0.212    -2.0890 0.0000e+00
    21.6047   0.002680     -0.216 274.638438    21.6047     0.0202     -0.215    -2.1238 0.0000e+00
    21.8085   0.002640     -0.216 274.638495    21.8085     0.0200     -0.215    -2.1696 0.0000e+00
    21.9994   0.002620     -0.215 274.638553    21.9994     0.0199     -0.214    -2.2128 0.0000e+00
    22.1413   0.002620     -0.220 274.638611    22.1413     0.0199     -0.219    -2.2451 0.0000e+00
    22.2078   0.002620     -0.220 274.638669    22.2078     0.0199     -0.219    -2.2603 0.0000e+00
    22.1612   0.002610     -0.220 274.638727    22.1612     0.0199     -0.219    -2.2497 0.0000e+00
    22.1430   0.002600     -0.218 274.638785    22.1430     0.0198     -0.217    -2.2456 0.0000e+00
    22.1946   0.002600     -0.220 274.638843    22.1946     0.0198     -0.219    -2.2574 0.0000e+00
    22.0770   0.002620     -0.218 274.638900    22.0770     0.0199     -0.217    -2.2305 0.0000e+00
    21.9063   0.002630     -0.218 274.638958    21.9063     0.0200     -0.217    -2.1917 0.0000e+00
    21.8929   0.002650     -0.218 274.639016    21.8929     0.0200     -0.217    -2.1886 0.0000e+00
    21.9214   0.002670     -0.218 274.639074    21.9214     0.0201     -0.217    -2.1950 0.0000e+00
    21.8347   0.002640     -0.220 274.639132    21.8347     0.0200     -0.219    -2.1755 0.0000e+00
    21.8463   0.002610     -0.218 274.639190    21.8463     0.0199     -0.217    -2.1782 0.0000e+00
    21.7659   0.002580     -0.222 274.639248    21.7659     0.0197     -0.221    -2.1602 0.0000e+00
    21.7886   0.002540     -0.222 274.639306    21.7886     0.0196     -0.221    -2.1655 0.0000e+00
    21.9587   0.002530     -0.220 274.639363    21.9587     0.0195     -0.219    -2.2039 0.0000e+00
    21.9231   0.002490     -0.220 274.639421    21.9231     0.0194     -0.219    -2.1960 0.0000e+00
    21.8513   0.002440     -0.220 274.639479    21.8513     0.0191     -0.219    -2.1799 0.0000e+00
    21.9743   0.002460     -0.220 274.639537    21.9743     0.0192     -0.219    -2.2076 0.0000e+00
    21.8487   0.002480     -0.220 274.639595    21.8487     0.0193     -0.219    -2.1792 0.0000e+00
    21.6314   0.002460     -0.220 274.639653    21.6314     0.0192     -0.219    -2.1305 0.0000e+00
    21.4882   0.002450     -0.216 274.639711    21.4882     0.0192     -0.215    -2.0987 0.0000e+00
    21.5742   0.002530     -0.216 274.639769    21.5742     0.0195     -0.215    -2.1175 0.0000e+00
    21.5707   0.002460     -0.220 274.639826    21.5707     0.0192     -0.219    -2.1170 0.0000e+00
    21.5753   0.002420     -0.220 274.639884    21.5753     0.0190     -0.219    -2.1181 0.0000e+00
    21.5805   0.002400     -0.222 274.639942    21.5805     0.0189     -0.221    -2.1194 0.0000e+00
    21.6551   0.002380     -0.222 274.640000    21.6551     0.0189     -0.221    -2.1361 0.0000e+00
    21.6407   0.002370     -0.220 274.640058    21.6407     0.0188     -0.219    -2.1329 0.0000e+00
    21.6676   0.002360     -0.222 274.640116    21.6676     0.0188     -0.221    -2.1389 0.0000e+00
    21.6773   0.002350     -0.222 274.640174    21.6773     0.0187     -0.221    -2.1411 0.0000e+00
    21.6805   0.002340     -0.222 274.640231    21.6805     0.0187     -0.221    -2.1419 0.0000e+00
    21.7113   0.002330     -0.220 274.640289    21.7113     0.0187     -0.219    -2.1488 0.0000e+00
    21.7253   0.002320     -0.222 274.640347    21.7253     0.0186     -0.221    -2.1520 0.0000e+00
    21.7237   0.002320     -0.220 274.640405    21.7237     0.0186     -0.219    -2.1516 0.0000e+00
    21.6834   0.002330     -0.224 274.640463    21.6834     0.0187     -0.223    -2.1426 0.0000e+00
    21.6534   0.002320     -0.222 274.640521    21.6534     0.0186     -0.221    -2.1359 0.0000e+00
    21.6635   0.002310     -0.222 274.640579    21.6635     0.0186     -0.221    -2.1382 0.0000e+00
    21.6513   0.002310     -0.224 274.640637    21.6513     0.0186     -0.223    -2.1354 0.0000e+00
    21.6611   0.002310     -0.222 274.640694    21.6611     0.0186     -0.221    -2.1376 0.0000e+00
    21.6884   0.002300     -0.225 274.640752    21.6884     0.0185     -0.223    -2.1438 0.0000e+00
    21.6674   0.002300     -0.224 274.640810    21.6674     0.0185     -0.223    -2.1391 0.0000e+00
    21.6905   0.002290     -0.220 274.640868    21.6905     0.0185     -0.219    -2.1443 0.0000e+00
    21.7378   0.002300     -0.222 274.640926    21.7378     0.0185     -0.221    -2.1548 0.0000e+00
    21.7218   0.002300     -0.218 274.640984    21.7218     0.0185     -0.217    -2.1513 0.0000e+00
    21.7143   0.002310     -0.225 274.641042    21.7143     0.0186     -0.223    -2.1495 0.0000e+00
    21.7441   0.002310     -0.222 274.641100    21.7441     0.0186     -0.221    -2.1562 0.0000e+00
    21.7525   0.002300     -0.224 274.641157    21.7525     0.0185     -0.223    -2.1581 0.0000e+00
    21.7968   0.002290     -0.220 274.641215    21.7968     0.0185     -0.219    -2.1681 0.0000e+00
    22.0273   0.002300     -0.218 274.641273    22.0273     0.0186     -0.217    -2.2202 0.0000e+00
    22.0568   0.002340     -0.218 274.641331    22.0568     0.0187     -0.217    -2.2268 0.0000e+00
    22.0381   0.002370     -0.216 274.641389    22.0381     0.0189     -0.215    -2.2224 0.0000e+00
    22.0454   0.002390     -0.213 274.641447    22.0454     0.0189     -0.212    -2.2240 0.0000e+00
    21.9605   0.002410     -0.213 274.641505    21.9605     0.0190     -0.212    -2.2047 0.0000e+00
    21.9237   0.002380     -0.215 274.641562    21.9237     0.0189     -0.214    -2.1964 0.0000e+00
    21.9409   0.002350     -0.213 274.641620    21.9409     0.0188     -0.212    -2.2004 0.0000e+00
    21.9466   0.002320     -0.213 274.641678    21.9466     0.0186     -0.212    -2.2018 0.0000e+00
    21.8144   0.002370     -0.222 274.641736    21.8144     0.0188     -0.221    -2.1718 0.0000e+00
    21.6781   0.348980     -0.209 274.641794    21.6781     1.9685     -0.208    -0.6606 0.0000e+00
    20.8797   3.819590     -0.044 274.641852    20.8797    26.6180     -0.044    18.1576 0.0000e+00
    20.8532   3.845550     -0.017 274.641910    20.8532    26.8355     -0.017    18.3294 0.0000e+00
    20.8421   3.812790     -0.038 274.641968    20.8421    26.5887     -0.038    18.1451 0.0000e+00
    20.6400   3.970390     -0.035 274.642025    20.6400    27.9444     -0.035    19.2259 0.0000e+00
    20.6847   3.966850      0.025 274.642083    20.6847    27.8874      0.025    19.1711 0.0000e+00
    20.6915   4.033380      0.003 274.642141    20.6915    28.4036      0.003    19.5612 0.0000e+00
    20.6535   4.119910      0.059 274.642199    20.6535    29.1086      0.059    20.1064 0.0000e+00
    20.5065   4.133300      0.127 274.642257    20.5065    29.3151      0.126    20.3014 0.0000e+00
    20.6926   4.158030      0.125 274.642315    20.6926    29.3818      0.124    20.3037 0.0000e+00
    20.7943   4.169410      0.007 274.642373    20.7943    29.4012      0.007    20.2919 0.0000e+00
    20.8819   3.940850      0.327 274.642431    20.8818    27.5567      0.325    18.8690 0.0000e+00
    20.4048   4.072090      0.383 274.642488    20.4047    28.9012      0.380    20.0132 0.0000e+00
    20.1136   4.282210      0.636 274.642546    20.1135    30.7790      0.632    21.5162 0.0000e+00
    20.0260   4.342460      0.681 274.642604    20.0259    31.3277      0.676    21.9565 0.0000e+00
    20.0382   4.334950      0.571 274.642662    20.0381    31.2582      0.567    21.9004 0.0000e+00
    19.9623   4.388680      0.658 274.642720    19.9622    31.7484      0.654    22.2932 0.0000e+00
    20.0266   4.356330      0.651 274.642778    20.0265    31.4391      0.647    22.0411 0.0000e+00
    19.6770   4.414990      0.847 274.642836    19.6768    32.1789      0.841    22.6947 0.0000e+00
    19.6958   4.510550      0.791 274.642894    19.6957    32.9440      0.786    23.2731 0.0000e+00
    19.6967   4.519920      0.800 274.642951    19.6966    33.0199      0.795    23.3307 0.0000e+00
    19.8259   4.519850      0.670 274.643009    19.8258    32.9178      0.666    23.2195 0.0000e+00
    19.9689   4.516780      0.512 274.643067    19.9688    32.7811      0.509    23.0782 0.0000e+00
    20.0002   4.511070      0.383 274.643125    20.0001    32.7105      0.380    23.0163 0.0000e+00
    20.2879   4.494920      0.194 274.643183    20.2879    32.3581      0.193    22.6728 0.0000e+00
    20.8597   4.151530     -0.018 274.643241    20.8597    29.2160     -0.018    20.1341 0.0000e+00
    20.8841   3.907570      0.061 274.643299    20.8841    27.2969      0.061    18.6713 0.0000e+00
